                   N             lambda1             lambda2             lambda3
                   3       9.37258298172       31.9999999426        54.627416937
                   4       9.54915026015        34.549150213       65.4508496163
                   5       9.64617090598       35.9999999254       71.9999998708
                   6       9.70505092376       36.8979993393       76.1929483253
                   7       9.74341981658       37.4903319269       79.0165204981
                   8       9.76979541058       37.9008001317       80.9999998321
                   9       9.78869671878       38.1966010406       82.4429493673
                  10       9.80270036304       38.4166449695       83.5237022062
                  11       9.81336200645       38.5846836239       84.3532468355
                  12       9.82166568766       38.7158632425       85.0033669325
                  13       9.82825840236        38.820203695       85.5220586845
                  14        9.8335796474       38.9045439732       85.9423523414
                  15       9.83793641114       38.9736792663       86.2875583096
                  16       9.84154836028       39.0310513161       86.5744953555
                  17       9.84457602565       39.0791816423       86.8155381538
                  18       9.84713892078       39.1199514036       87.0199514341
                  19       9.84932750143       39.1547868751       87.1947804537
                  20       9.85121124697       39.1847852077       87.3454583138
                  21       9.85284423678       39.2108014522          87.4762283
                  22       9.85426907108       39.2335098969       87.5904428099
                  23       9.85551967488       39.2534480258       87.6907783492
                  24       9.85662333441       39.2710484999       87.7793924415
                  25       9.85760219693       39.2866627506       87.8580396907
                  26       9.85847438974       39.3005786052       87.9281586952
                  27       9.85925486489       39.3130336094       87.9909378773
                  28       9.85995604386       39.3242252061       88.0473658711
                  29       9.86058831459       39.3343185896        88.098270469
                  30       9.86116041826       39.3434528231       88.1443489992
                  31       9.86167975282       39.3517456445       88.1861922204
                  32        9.8621526133       39.3592972721       88.2243032674
                  33       9.86258438336       39.3661934411        88.259112784
                  34       9.86297968914       39.3725078436       88.2909910946
                  35       9.86334252367       39.3783041026        88.320258058
                  36       9.86367634803       39.3836373782       88.3471910953
                  37       9.86398417421       39.3885556831       88.3720317663
                  38        9.8642686332       39.3931009656       88.3949911889
                  39       9.86453203146       39.3973100057       88.4162545263
                  40       9.86477639773       39.4012151606       88.4359847217
                  41       9.86500352226       39.4048449879       88.4543256212
                  42       9.86521498965       39.4082247683       88.4714045968
                  43       9.86541220656       39.4113769471       88.4873347582
                  44       9.86559642517       39.4143215067       88.5022168266
                  45        9.8657687631       39.4170762843       88.5161407268
                  46       9.86593022037       39.4196572422       88.5291869467
                  47       9.86608169398       39.4220786995       88.5414277002
                  48       9.86622399035       39.4243535308       88.5529279272
                  49        9.8663578361       39.4264933376       88.5637461548
                  50       9.86648388736       39.4285085966       88.5739352425
                  51       9.86660273776       39.4304087877        88.583543028
                  52        9.8667149255       39.4322025061       88.5926128885
                  53       9.86682093942        39.433897559       88.6011842308
                  54       9.86692122434       39.4355010512       88.6092929195
                  55       9.86701618571       39.4370194596       88.6169716516
                  56       9.86710619377       39.4384586979        88.624250287
                  57       9.86719158709       39.4398241754       88.6311561385
                  58       9.86727267584        39.441120847       88.6377142279
                  59       9.86734974452       39.4423532584       88.6439475128
                  60       9.86742305455       39.4435255862        88.649877088
                  61        9.8674928464        39.444641673       88.6555223633
                  62       9.86755934165       39.4457050594       88.6609012227
                  63       9.86762274468       39.4467190113       88.6660301662
                  64       9.86768324429       39.4476865458       88.6709244363
                  65       9.86774101509       39.4486104532        88.675598131
                  66       9.86779621874       39.4494933173       88.6800643056
                  67       9.86784900511       39.4503375334       88.6843350638
                  68       9.86789951331       39.4511453247       88.6884216397
                  69       9.86794787257       39.4519187566       88.6923344719
                  70       9.86799420308       39.4526597503       88.6960832697
                  71       9.86803861675       39.4533700947       88.6996770739
                  72       9.86808121788       39.4540514568       88.7031243109
                  73       9.86812210378       39.4547053921       88.7064328423
                  74        9.8681613653        39.455333353       88.7096100097
                  75       9.86819908735       39.4559366968       88.7126626752
                  76       9.86823534939       39.4565166937       88.7155972589
                  77       9.86827022579       39.4570745328       88.7184197724
                  78       9.86830378627       39.4576113284       88.7211358495
                  79        9.8683360962       39.4581281258       88.7237507744
                  80       9.86836721694       39.4586259061       88.7262695077
                  81       9.86839720616       39.4591055909       88.7286967093
                  82       9.86842611804       39.4595680468       88.7310367607
                  83       9.86845400357        39.460014089        88.733293784
                  84       9.86848091077       39.4604444852       88.7354716607
                  85       9.86850688487       39.4608599586       88.7375740481
                  86       9.86853196852       39.4612611911       88.7396043947
                  87       9.86855620196       39.4616488262       88.7415659542
                  88       9.86857962319       39.4620234715       88.7434617989
                  89        9.8686022681       39.4623857007       88.7452948313
                  90       9.86862417062       39.4627360566       88.7470677956
                  91       9.86864536285       39.4630750524       88.7487832875
                  92       9.86866587519        39.463403174       88.7504437643
                  93       9.86868573639       39.4637208815       88.7520515533
                  94       9.86870497373        39.464028611       88.7536088599
                  95       9.86872361308       39.4643267759       88.7551177754
                  96       9.86874167895       39.4646157686        88.756580284
                  97       9.86875919464       39.4648959614       88.7579982691
                  98       9.86877618225        39.465167708       88.7593735197
                  99       9.86879266282       39.4654313444       88.7607077357
                 100       9.86880865631       39.4656871902       88.7620025334
                 101       9.86882418173       39.4659355494       88.7632594502
                 102       9.86883925717       39.4661767112       88.7644799494
                 103       9.86885389986        39.466410951       88.7656654244
                 104        9.8688681262       39.4666385313       88.7668172023
                 105       9.86888195182        39.466859702       88.7679365481
                 106       9.86889539164       39.4670747017       88.7690246682
                 107       9.86890845987       39.4672837577        88.770082713
                 108       9.86892117009       39.4674870872       88.7711117809
                 109       9.86893353527       39.4676848973       88.7721129201
                 110       9.86894556777       39.4678773862       88.7730871323
                 111       9.86895727942       39.4680647428       88.7740353744
                 112       9.86896868153       39.4682471482       88.7749585613
                 113       9.86897978491       39.4684247751       88.7758575679
                 114       9.86899059991        39.468597789       88.7767332312
                 115       9.86900113643       39.4687663484       88.7775863525
                 116       9.86901140395       39.4689306047       88.7784176988
                 117       9.86902141154       39.4690907034       88.7792280049
                 118       9.86903116791       39.4692467833       88.7800179747
                 119       9.86904068139       39.4693989781       88.7807882831
                 120       9.86904995999       39.4695474155       88.7815395772
                 121       9.86905901137       39.4696922182       88.7822724775
                 122       9.86906784289       39.4698335039       88.7829875796
                 123       9.86907646161       39.4699713856       88.7836854551
                 124       9.86908487432       39.4701059718        88.784366653
                 125       9.86909308753       39.4702373666       88.7850317004
                 126       9.86910110749       39.4703656702       88.7856811037
                 127       9.86910894023       39.4704909787       88.7863153499
                 128       9.86911659152       39.4706133847       88.7869349069
                 129       9.86912406693       39.4707329772       88.7875402248
                 130       9.86913137179       39.4708498416       88.7881317366
                 131       9.86913851128       39.4709640603       88.7887098591
                 132       9.86914549034       39.4710757127       88.7892749931
                 133       9.86915231374       39.4711848749        88.789827525
                 134       9.86915898607       39.4712916206       88.7903678266
                 135       9.86916551176       39.4713960205       88.7908962561
                 136       9.86917189508       39.4714981427        88.791413159
                 137       9.86917814014       39.4715980532       88.7919188679
                 138        9.8691842509       39.4716958154       88.7924137038
                 139       9.86919023118       39.4717914903       88.7928979761
                 140       9.86919608469       39.4718851369       88.7933719833
                 141       9.86920181497       39.4719768123       88.7938360136
                 142       9.86920742545       39.4720665713        88.794290345
                 143       9.86921291945        39.472154467       88.7947352458
                 144       9.86921830019       39.4722405506       88.7951709753
                 145       9.86922357074       39.4723248715       88.7955977837
                 146        9.8692287341       39.4724074777       88.7960159131
                 147       9.86923379315       39.4724884151       88.7964255971
                 148       9.86923875068       39.4725677286       88.7968270615
                 149        9.8692436094       39.4726454612       88.7972205249
                 150       9.86924837191       39.4727216547       88.7976061984
                 151       9.86925304074       39.4727963494       88.7979842863
                 152       9.86925761831       39.4728695844       88.7983549862
                 153         9.869262107       39.4729413976       88.7987184893
                 154        9.8692665091       39.4730118253       88.7990749808
                 155       9.86927082682       39.4730809032       88.7994246398
                 156       9.86927506229       39.4731486653       88.7997676398
                 157       9.86927921762       39.4732151451       88.8001041488
                 158       9.86928329477       39.4732803745       88.8004343295
                 159       9.86928729573       39.4733443848       88.8007583397
                 160       9.86929122236       39.4734072061       88.8010763321
                 161        9.8692950765       39.4734688678       88.8013884548
                 162       9.86929885994       39.4735293981       88.8016948514
                 163       9.86930257437       39.4735888246       88.8019956612
                 164       9.86930622147        39.473647174        88.802291019
                 165       9.86930980286       39.4737044721       88.8025810559
                 166       9.86931332011       39.4737607441        88.802865899
                 167       9.86931677473       39.4738160143       88.8031456714
                 168       9.86932016822       39.4738703063       88.8034204928
                 169         9.869323502       39.4739236431       88.8036904794
                 170       9.86932677747       39.4739760469       88.8039557439
                 171       9.86932999596       39.4740275395       88.8042163958
                 172       9.86933315881       39.4740781417       88.8044725413
                 173       9.86933626729       39.4741278741       88.8047242839
                 174       9.86933932263       39.4741767564       88.8049717237
                 175       9.86934232604       39.4742248078       88.8052149583
                 176       9.86934527869       39.4742720472       88.8054540825
                 177       9.86934818172       39.4743184928       88.8056891884
                 178       9.86935103623       39.4743641621       88.8059203654
                 179       9.86935384329       39.4744090724       88.8061477007
                 180       9.86935660397       39.4744532404       88.8063712789
                 181       9.86935931926       39.4744966825       88.8065911822
                 182       9.86936199016       39.4745394143       88.8068074909
                 183       9.86936461763       39.4745814514       88.8070202828
                 184        9.8693672026       39.4746228087       88.8072296338
                 185       9.86936974601       39.4746635007       88.8074356176
                 186       9.86937224871       39.4747035418       88.8076383061
                 187       9.86937471159       39.4747429456       88.8078377691
                 188       9.86937713547       39.4747817256       88.8080340748
                 189       9.86937952119       39.4748198949       88.8082272895
                 190       9.86938186953       39.4748574664       88.8084174776
                 191       9.86938418128       39.4748944523       88.8086047021
                 192       9.86938645718       39.4749308649       88.8087890243
                 193       9.86938869799       39.4749667158       88.8089705037
                 194       9.86939090439       39.4750020166       88.8091491986
                 195       9.86939307713       39.4750367785       88.8093251657
                 196       9.86939521687       39.4750710125       88.8094984601
                 197       9.86939732425        39.475104729       88.8096691358
                 198       9.86939939995       39.4751379386       88.8098372452
                 199       9.86940144461       39.4751706513       88.8100028395
                 200        9.8694034588       39.4752028769       88.8101659686
                 201       9.86940544317       39.4752346252       88.8103266813
                 202       9.86940739828       39.4752659055        88.810485025
                 203        9.8694093247       39.4752967269        88.810641046
                 204       9.86941122302       39.4753270984       88.8107947896
                 205       9.86941309375       39.4753570287       88.8109462999
                 206       9.86941493744       39.4753865263       88.8110956198
                 207       9.86941675458       39.4754155994       88.8112427915
                 208       9.86941854571       39.4754442563       88.8113878559
                 209       9.86942031133       39.4754725048       88.8115308531
                 210        9.8694220519       39.4755003526       88.8116718222
                 211       9.86942376789       39.4755278073       88.8118108013
                 212       9.86942545976       39.4755548762       88.8119478277
                 213       9.86942712798       39.4755815666       88.8120829378
                 214       9.86942877299       39.4756078854       88.8122161673
                 215       9.86943039518       39.4756338395       88.8123475508
                 216       9.86943199502       39.4756594356       88.8124771222
                 217       9.86943357288       39.4756846804       88.8126049148
                 218       9.86943512918       39.4757095801        88.812730961
                 219        9.8694366643       39.4757341411       88.8128552923
                 220       9.86943817863       39.4757583694         88.81297794
                 221       9.86943967255       39.4757822711        88.813098934
                 222       9.86944114639       39.4758058519       88.8132183041
                 223       9.86944260058       39.4758291177       88.8133360793
                 224        9.8694440354       39.4758520739       88.8134522876
                 225       9.86944545122       39.4758747261        88.813566957
                 226       9.86944684836       39.4758970796       88.8136801143
                 227       9.86944822715       39.4759191396       88.8137917861
                 228       9.86944958795       39.4759409113       88.8139019983
                 229       9.86945093102       39.4759623996       88.8140107762
                 230       9.86945225668       39.4759836095       88.8141181445
                 231       9.86945356525       39.4760045457       88.8142241275
                 232       9.86945485699       39.4760252129        88.814328749
                 233       9.86945613222       39.4760456158       88.8144320321
                 234       9.86945739119       39.4760657587       88.8145339997
                 235        9.8694586342       39.4760856462       88.8146346738
                 236       9.86945986151       39.4761052824       88.8147340764
                 237       9.86946107338       39.4761246717       88.8148322288
                 238       9.86946227007        39.476143818       88.8149291517
                 239       9.86946345183       39.4761627256       88.8150248658
                 240       9.86946461891       39.4761813983       88.8151193909
                 241       9.86946577155         39.47619984       88.8152127467
                 242       9.86946691001       39.4762180545       88.8153049525
                 243       9.86946803448       39.4762360455        88.815396027
                 244       9.86946914523       39.4762538167       88.8154859886
                 245       9.86947024244       39.4762713716       88.8155748554
                 246       9.86947132635       39.4762887137       88.8156626452
                 247       9.86947239719       39.4763058465       88.8157493751
                 248       9.86947345515       39.4763227732       88.8158350623
                 249       9.86947450043       39.4763394973       88.8159197234
                 250       9.86947553324       39.4763560219       88.8160033747
                 251       9.86947655379       39.4763723501       88.8160860321
                 252       9.86947756226       39.4763884851       88.8161677115
                 253       9.86947855885         39.47640443        88.816248428
                 254       9.86947954372       39.4764201876       88.8163281969
                 255        9.8694805171       39.4764357609       88.8164070329
                 256       9.86948147911       39.4764511528       88.8164849505
                 257       9.86948242996       39.4764663661       88.8165619638
                 258       9.86948336984       39.4764814035       88.8166380869
                 259       9.86948429886       39.4764962677       88.8167133334
                 260       9.86948521726       39.4765109614       88.8167877167
                 261       9.86948612516       39.4765254872       88.8168612499
                 262       9.86948702272       39.4765398476        88.816933946
                 263       9.86948791007       39.4765540451       88.8170058177
                 264        9.8694887874       39.4765680823       88.8170768772
                 265       9.86948965487       39.4765819614       88.8171471369
                 266       9.86949051262       39.4765956848       88.8172166087
                 267       9.86949136076        39.476609255       88.8172853043
                 268        9.8694921995        39.476622674       88.8173532353
                 269       9.86949302891       39.4766359443       88.8174204129
                 270       9.86949384917       39.4766490679       88.8174868482
                 271       9.86949466038        39.476662047       88.8175525522
                 272       9.86949546268       39.4766748838       88.8176175356
                 273       9.86949625623       39.4766875803       88.8176818088
                 274       9.86949704116       39.4767001386       88.8177453821
                 275       9.86949781756       39.4767125605       88.8178082657
                 276       9.86949858555       39.4767248483       88.8178704695
                 277       9.86949934528       39.4767370036       88.8179320033
                 278       9.86950009686       39.4767490285       88.8179928767
                 279        9.8695008404       39.4767609247        88.818053099
                 280         9.869501576       39.4767726942       88.8181126796
                 281        9.8695023038       39.4767843388       88.8181716275
                 282       9.86950302389       39.4767958601       88.8182299516
                 283       9.86950373641       39.4768072599       88.8182876608
                 284       9.86950444142       39.4768185399       88.8183447636
                 285       9.86950513907       39.4768297018       88.8184012685
                 286       9.86950582941       39.4768407472       88.8184571838
                 287       9.86950651259       39.4768516778       88.8185125177
                 288       9.86950718871       39.4768624952       88.8185672782
                 289       9.86950785783       39.4768732008       88.8186214732
                 290       9.86950852006       39.4768837962       88.8186751106
                 291       9.86950917548        39.476894283       88.8187281977
                 292       9.86950982423       39.4769046626       88.8187807424
                 293       9.86951046635       39.4769149364       88.8188327517
                 294       9.86951110198       39.4769251059       88.8188842331
                 295       9.86951173114       39.4769351726       88.8189351936
                 296       9.86951235399       39.4769451377       88.8189856403
                 297       9.86951297056       39.4769550027       88.8190355799
                 298       9.86951358095       39.4769647689       88.8190850194
                 299       9.86951418527       39.4769744376       88.8191339654
                 300       9.86951478355       39.4769840101       88.8191824243
