                   N             lambda1             lambda2            lambda 3             CPUtime        # Iterations
                   3       9.37258300203                  32        54.627416998               0.003                   8
                   4       9.54915028125       34.5491502813       65.4508497187               0.003                   6
                   5       9.64617092752       36.0000000001       72.0000000001               0.006                  26
                   6       9.70505094556       36.8979994179       76.1929484723               0.009                  31
                   7       9.74341983857       37.4903320082       79.0165206573               0.016                  57
                   8       9.76979543272       37.9008002148       81.0000000001               0.024                  73
                   9       9.78869674101        38.196601125       82.4429495415               0.034                 100
                  10       9.80270038529       38.4166450549       83.5237023853               0.051                 130
                  11       9.81336202878       38.5846837101       84.3532470183                0.07                 166
                  12       9.82166571001       38.7158633292       85.0033671182               0.083                 180
                  13       9.82825842485       38.8202037821       85.5220588725               0.116                 223
                  14       9.83357966979       38.9045440608       85.9423525313               0.143                 253
                  15       9.83793643355       38.9736793542       86.2875585011               0.195                 314
                  16       9.84154838271       39.0310514043       86.5744955483               0.257                 337
                  17        9.8445760481       39.0791817307       86.8155383477               0.321                 402
                  18       9.84713894324       39.1199514922       87.0199516289               0.366                 446
                  19        9.8493275239       39.1547869639       87.1947806493                 0.5                 518
                  20       9.85121126945       39.1847852966       87.3454585101               0.605                 557
                  21       9.85284425927       39.2108015414       87.4762284966               0.733                 613
                  22       9.85426909362        39.233509986       87.5904430072               0.884                 663
                  23       9.85551969741        39.253448115        87.690778547               0.854                 748
                  24        9.8566233569       39.2710485892       87.7793926397               0.839                 814
                  25       9.85760221943         39.28666284       87.8580398893               1.046                 881
                  26       9.85847441225       39.3005786946       87.9281588941               1.189                 942
                  27        9.8592548874       39.3130336989       87.9909380765               1.388                1034
                  28       9.85995606637       39.3242252956       88.0473660705               1.545                1096
                  29       9.86058833716       39.3343186792       88.0982706687               1.762                1208
                  30       9.86116044079       39.3434529127       88.1443491991               1.723                1289
                  31       9.86167977536       39.3517457342       88.1861924204               1.939                1389
                  32       9.86215263583       39.3592973618       88.2243034676               2.186                1449
                  33       9.86258440605       39.3661935307       88.2591129845                2.58                1588
                  34       9.86297971197       39.3725079331       88.2909912952               2.992                1660
                  35       9.86334254624       39.3783041923       88.3202582587               3.195                1781
                  36       9.86367637057        39.383637468       88.3471912961               3.631                1859
                  37       9.86398419674       39.3885557729       88.3720319672                4.08                2020
                  38       9.86426865574       39.3931010555         88.39499139               4.387                2058
                  39         9.864532054       39.3973100956       88.4162547274               5.277                2223
                  40       9.86477642027       39.4012152505       88.4359849229               5.665                2343
                  41       9.86500354481       39.4048450777       88.4543258226               5.992                2411
                  42       9.86521501221       39.4082248582       88.4714047982               6.636                2538
                  43        9.8654122291        39.411377037       88.4873349597                7.14                2671
                  44       9.86559644774       39.4143215966       88.5022170281               7.833                2842
                  45       9.86576878573       39.4170763742       88.5161409283               8.659                2937
                  46       9.86593024293       39.4196573322       88.5291871484               9.316                3071
                  47       9.86608171654       39.4220787895       88.5414279019              10.106                3247
                  48       9.86622401289       39.4243536208       88.5529281289               11.27                3372
                  49       9.86635785864       39.4264934276       88.5637463566              12.088                3502
                  50       9.86648390991       39.4285086866       88.5739354443               13.06                3651
                  51       9.86660276042       39.4304088776       88.5835432299               13.94                3787
                  52        9.8667149483       39.4322025958       88.5926130904              15.146                3974
                  53       9.86682096205       39.4338976489       88.6011844328              16.146                4109
                  54       9.86692124689       39.4355011413       88.6092931215              17.243                4243
                  55       9.86701620826       39.4370195496       88.6169718537              18.638                4447
                  56       9.86710621632        39.438458788       88.6242504891              19.893                4603
                  57       9.86719160967       39.4398242654       88.6311563406              21.115                4738
                  58       9.86727269839        39.441120937         88.63771443              22.748                4950
                  59       9.86734976718       39.4423533483        88.643947715              24.193                5103
                  60       9.86742307712       39.4435256762       88.6498772902              25.751                5289
                  61       9.86749286896       39.4446417632       88.6555225654              27.482                5501
                  62        9.8675593642       39.4457051495        88.660901425              29.233                5681
                  63       9.86762276723       39.4467191014       88.6660303685              31.116                5829
                  64       9.86768326684       39.4476866359       88.6709246387              32.227                6004
                  65       9.86774103764       39.4486105433       88.6755983333              35.005                6256
                  66        9.8677962413       39.4494934074        88.680064508              36.727                6431
                  67       9.86784902766       39.4503376235       88.6843352661              38.682                6622
                  68       9.86789953587       39.4511454148       88.6884218421              41.015                6827
                  69       9.86794789514       39.4519188467       88.6923346743              43.688                7088
                  70       9.86799422563       39.4526598404       88.6960834721              45.805                7209
                  71        9.8680386393       39.4533701848       88.6996772764              48.721                7511
                  72       9.86808124044        39.454051547       88.7031245134              51.574                7701
                  73       9.86812212636       39.4547054822       88.7064330448              53.702                7938
                  74       9.86816138789       39.4553334431       88.7096102121              56.158                8081
                  75       9.86819910993       39.4559367869       88.7126628777               59.56                8329
                  76       9.86823537195       39.4565167839       88.7155974615              62.432                8498
                  77       9.86827024835       39.4570746229       88.7184199749              65.928                8837
                  78       9.86830380884       39.4576114186        88.721136052              69.564                9096
                  79       9.86833611876        39.458128216        88.723750977              74.878                9243
                  80        9.8683672395       39.4586259962       88.7262697103               76.96                9519
                  81       9.86839722874       39.4591056811       88.7286969119              79.237                9731
                  82       9.86842614086       39.4595681367       88.7310369633              84.171                9999
                  83       9.86845402615       39.4600141792       88.7332939866              87.312               10228
                  84       9.86848093333       39.4604445754       88.7354718633              92.068               10440
                  85       9.86850690743       39.4608600488       88.7375742507              96.085               10768
                  86       9.86853199107       39.4612612813       88.7396045973              99.433               10916
                  87       9.86855622452       39.4616489166       88.7415661567             105.772               11190
                  88       9.86857964588       39.4620235615       88.7434620016             111.209               11524
                  89       9.86860229066       39.4623857909        88.745295034             115.332               11925
                  90       9.86862419322       39.4627361467       88.7470679982             119.862               12109
                  91       9.86864538541       39.4630751426       88.7487834902             124.206               12316
                  92       9.86866589774       39.4634032641        88.750443967             130.743               12564
                  93       9.86868575898       39.4637209717        88.752051756             135.062               12840
                  94        9.8687049963       39.4640287011       88.7536090626             140.861               13127
                  95       9.86872363581       39.4643268659       88.7551179781             147.885               13412
                  96       9.86874170153       39.4646158587       88.7565804867             159.846               13838
                  97        9.8687592172       39.4648960515       88.7579984718             160.301               13984
                  98       9.86877620481       39.4651677981       88.7593737224             165.495               14269
                  99       9.86879268538       39.4654314346       88.7607079384             171.441               14542
                 100       9.86880867886       39.4656872806       88.7620027359             180.552               14941
                 101       9.86882420429       39.4659356396       88.7632596529             186.237               15231
                 102       9.86883927975       39.4661768014       88.7644801522             193.838               15571
                 103       9.86885392242       39.4664110412       88.7656656271             204.115               15911
                 104       9.86886814885       39.4666386214        88.766817405             211.612               16160
                 105       9.86888197438       39.4668597924       88.7679367507             213.825               16345
                 106        9.8688954142       39.4670747918       88.7690248709             225.342               16823
                 107       9.86890848243       39.4672838479       88.7700829158             232.637               17219
                 108       9.86892119269       39.4674871773       88.7711119836             241.606               17323
                 109       9.86893355782       39.4676849875       88.7721131229             249.962               17793
                 110       9.86894559032       39.4678774764       88.7730873351             259.879               18098
                 111       9.86895730197        39.468064833       88.7740355772             268.227               18382
                 112       9.86896870408       39.4682472383       88.7749587641             280.641               18696
                 113        9.8689798075       39.4684248652       88.7758577706             285.159               19026
                 114       9.86899062247       39.4685978792        88.776733434             296.733               19375
                 115        9.8690011591       39.4687664385       88.7775865553             307.378               19867
                 116       9.86901142651       39.4689306949       88.7784179016             319.318               20105
                 117        9.8690214341       39.4690907936       88.7792282077             328.061               20495
                 118       9.86903119047       39.4692468735       88.7800181775             340.327               20858
                 119       9.86904070396       39.4693990683       88.7807884859             352.509               21238
                 120       9.86904998255       39.4695475057         88.78153978             367.457               21544
                 121       9.86905903393       39.4696923084       88.7822726803             374.762               22000
                 122       9.86906786548       39.4698335941       88.7829877824             388.401               22368
                 123       9.86907648418       39.4699714758        88.783685658             398.722               22735
                 124       9.86908489707       39.4701060618       88.7843668558             416.986               23019
                 125       9.86909311008       39.4702374568       88.7850319032             425.607               23488
                 126       9.86910113006       39.4703657604       88.7856813067             439.544               23825
                 127       9.86910896283       39.4704910689       88.7863155527             451.948               24100
                 128       9.86911661411       39.4706134749       88.7869351097             464.816               24574
                 129       9.86912408949       39.4707330674       88.7875404276             478.378               24852
                 130       9.86913139435       39.4708499318       88.7881319395             495.955               25314
                 131       9.86913853388       39.4709641506       88.7887100619             510.273               25844
                 132       9.86914551296       39.4710758028        88.789275196             531.254               26116
                 133       9.86915233639       39.4711849651       88.7898277278              543.77               26556
                 134       9.86915900863       39.4712917108       88.7903680294             557.594               26886
                 135       9.86916553435       39.4713961106        88.790896459             575.637               27391
                 136       9.86917191766        39.471498233       88.7914133619             599.392               27818
                 137        9.8691781627       39.4715981434       88.7919190708             610.678               28343
                 138       9.86918427356       39.4716959055       88.7924139066              633.14               28873
                 139       9.86919025375       39.4717915805       88.7928981789             638.708               28976
                 140       9.86919610725       39.4718852271       88.7933721862             665.603               29451
                 141       9.86920183777       39.4719769023       88.7938362165              677.72               29811
                 142       9.86920744801       39.4720666615       88.7942905478             704.141               30351
                 143       9.86921294201       39.4721545572       88.7947354486             722.453               30795
                 144       9.86921832276       39.4722406408       88.7951711782             744.549               30996
                 145       9.86922359331       39.4723249617       88.7955979866             751.982               31366
                 146       9.86922875667       39.4724075679        88.796016116             791.023               32178
                 147       9.86923381571       39.4724885053       88.7964257999             809.077               32477
                 148       9.86923877326       39.4725678188       88.7968272644             862.155               32989
                 149       9.86924363196       39.4726455514       88.7972207278             889.685               33508
                 150       9.86924839447       39.4727217449       88.7976064013             901.634               33626
                 151       9.86925306329       39.4727964397       88.7979844892            1021.462               34497
                 152       9.86925764087       39.4728696746       88.7983551891            1058.257               34802
                 153       9.86926212956       39.4729414877       88.7987186923            1111.163               35281
                 154       9.86926653168       39.4730119155       88.7990751837              995.91               35607
                 155       9.86927084938       39.4730809934       88.7994248427            1001.523               36188
                 156       9.86927508485       39.4731487556       88.7997678427             1021.38               36306
                 157       9.86927924021       39.4732152352       88.8001043517            1042.026               37100
                 158       9.86928331753       39.4732804645       88.8004345325            1067.613               37523
                 159       9.86928731829        39.473344475       88.8007585426             1095.12               38110
                 160       9.86929124494       39.4734072963       88.8010765349            1296.237               38294
                 161       9.86929509907        39.473468958       88.8013886578             1286.03               38964
                 162        9.8692988825       39.4735294883       88.8016950543            1238.682               39344
                 163       9.86930259693       39.4735889148       88.8019958641            1391.387               39976
                 164       9.86930624405       39.4736472642       88.8022912219            1305.564               40324
                 165       9.86930982544       39.4737045624       88.8025812589            1281.721               41028
                 166        9.8693133427       39.4737608343       88.8028661019            1329.229               41487
                 167        9.8693167973       39.4738161045       88.8031458743            1337.295               41874
                 168       9.86932019078       39.4738703965       88.8034206958            1397.139               42397
                 169       9.86932352458       39.4739237333       88.8036906823             1388.92               42816
                 170       9.86932680016        39.473976137       88.8039559468            1413.215               43216
                 171       9.86933001854       39.4740276297       88.8042165987             1456.19               44031
                 172       9.86933318139       39.4740782319       88.8044727442            1487.212               44603
                 173       9.86933628993       39.4741279642       88.8047244868            1520.922               45252
                 174       9.86933934521       39.4741768466       88.8049719266             1594.27               45540
                 175       9.86934234867       39.4742248981       88.8052151613            1588.827               46050
                 176       9.86934530125       39.4742721375       88.8054542855            1641.047               46748
                 177       9.86934820428        39.474318583       88.8056893913              1652.2               47188
                 178       9.86935105884       39.4743642522       88.8059205683            1690.952               47661
                 179       9.86935386585       39.4744091626       88.8061479036            1726.857               48462
                 180       9.86935662653       39.4744533307       88.8063714818            1763.677               48555
                 181       9.86935934181       39.4744967727       88.8065913851            1805.757               49380
                 182       9.86936201283       39.4745395044       88.8068076938            1861.943               50199
                 183       9.86936464018       39.4745815416       88.8070204858            1900.531               50653
                 184       9.86936722519       39.4746228989       88.8072298367            1962.986               51085
                 185       9.86936976857        39.474663591       88.8074358205            2070.426               51655
                 186       9.86937227144       39.4747036318        88.807638509            2072.563               52164
                 187       9.86937473424       39.4747430357       88.8078379721             2058.07               52603
                 188       9.86937715803       39.4747818158       88.8080342778            2127.218               53303
                 189       9.86937954374       39.4748199851       88.8082274924            2211.606               54076
                 190       9.86938189225       39.4748575564       88.8084176805            2307.661               54699
                 191       9.86938420387       39.4748945425        88.808604905            2682.035               55154
                 192       9.86938647975       39.4749309551       88.8087892272            2576.944               55657
                 193       9.86938872054        39.474966806       88.8089707067            2913.492               56022
                 194       9.86939092696       39.4750021069       88.8091494015            2704.269               57079
                 195       9.86939309972       39.4750368688       88.8093253686            2596.499               57192
                 196       9.86939523944       39.4750711027       88.8094986631            2654.358               58188
                 197       9.86939734681       39.4751048192       88.8096693387            2674.462               58517
                 198       9.86939942251       39.4751380288       88.8098374481             2752.84               58911
                 199       9.86940146717       39.4751707415       88.8100030424             2786.35               59776
                 200        9.8694034816        39.475202967       88.8101661716            2860.371               60224
                 201       9.86940546573       39.4752347155       88.8103268842            2924.443               60957
                 202       9.86940742084       39.4752659957       88.8104852279            2950.489               61803
                 203       9.86940934729       39.4752968171       88.8106412489            3014.704               62567
                 204       9.86941124577       39.4753271884       88.8107949925            3052.925               62777
                 205       9.86941311636       39.4753571189       88.8109465028            3249.369               63646
                 206       9.86941495999       39.4753866165       88.8110958228            3176.747               64044
                 207       9.86941677715       39.4754156897       88.8112429944             3262.88               64718
                 208       9.86941856828       39.4754443465       88.8113880589            3399.035               65447
                 209       9.86942033389        39.475472595       88.8115310561            3383.427               65987
                 210       9.86942207448       39.4755004428       88.8116720251            3457.008               66562
                 211       9.86942379045       39.4755278975       88.8118110042            3515.542               67511
                 212       9.86942548234       39.4755549664       88.8119480307            3566.213               67918
                 213       9.86942715057       39.4755816568       88.8120831408            3627.135               68353
                 214       9.86942879555       39.4756079756       88.8122163702            3698.203               69183
                 215       9.86943041776       39.4756339298       88.8123477536            3754.134               69629
                 216       9.86943201757       39.4756595259       88.8124773251             3876.32               71063
                 217       9.86943359543       39.4756847707       88.8126051176            3949.536               71607
                 218       9.86943515181       39.4757096703       88.8127311639            3948.595               71479
                 219       9.86943668692       39.4757342313       88.8128554953            4053.138               72701
                 220       9.86943820122       39.4757584596       88.8129781429            4135.972               73178
                 221       9.86943969511       39.4757823613        88.813099137            4219.788               74067
                 222       9.86944116899       39.4758059421       88.8132185071            4277.861               74552
                 223       9.86944262323       39.4758292079       88.8133362822            4333.787               74984
                 224       9.86944405795       39.4758521641       88.8134524906             4452.68               75460
                 225       9.86944547379       39.4758748163       88.8135671599            4508.579               76741
                 226       9.86944687092       39.4758971698       88.8136803173            4549.627               76844
                 227       9.86944824972       39.4759192299       88.8137919891            4643.569               77624
                 228       9.86944961051       39.4759410015       88.8139022013            4761.225               78711
                 229       9.86945095376       39.4759624897       88.8140109791            4803.295               79204
                 230       9.86945227925       39.4759836997       88.8141183475            4918.369               80046
                 231        9.8694535878        39.476004636       88.8142243304            5001.151               80735
                 232       9.86945487964       39.4760253031        88.814328952            5095.276               81265
                 233       9.86945615478        39.476045706       88.8144322351            5098.911               81952
                 234       9.86945741376       39.4760658489       88.8145342026            5152.566               82994
                 235       9.86945865676       39.4760857364       88.8146348768            5168.972               83465
                 236       9.86945988408       39.4761053726       88.8147342794             5310.03               84249
                 237       9.86946109601       39.4761247618       88.8148324317            6220.149               84816
                 238       9.86946229263       39.4761439082       88.8149293547            5630.903               86183
                 239       9.86946347439       39.4761628158       88.8150250687            5660.719               86451
                 240       9.86946464148       39.4761814885       88.8151195939            5948.377               86888
                 241       9.86946579412       39.4761999302       88.8152129497            6008.023               88096
                 242       9.86946693261       39.4762181447       88.8153051554            5922.124               88512
                 243       9.86946805716       39.4762361356       88.8153962299             6020.68               89419
                 244       9.86946916778       39.4762539069       88.8154861916            6127.169               89707
                 245        9.8694702651       39.4762714617       88.8155750584            6232.498               91031
                 246       9.86947134891       39.4762888039       88.8156628481            6370.795               92250
                 247       9.86947241979       39.4763059366       88.8157495781            6409.237               92180
                 248       9.86947347771       39.4763228636       88.8158352651            6557.714               92741
                 249       9.86947452299       39.4763395875       88.8159199264            6623.115               93851
                 250       9.86947555583       39.4763561121       88.8160035776            6724.077               94247
                 251       9.86947657636       39.4763724403       88.8160862351            6873.629               95925
                 252       9.86947758483       39.4763885753       88.8161679144             6999.41               95955
                 253       9.86947858143       39.4764045202        88.816248631            7069.622               96887
                 254       9.86947956633       39.4764202778       88.8163283999            7151.001               97339
                 255       9.86948053966       39.4764358511       88.8164072359            7297.698               98104
                 256       9.86948150169        39.476451243       88.8164851535           10643.375               98741
                 257       9.86948245254       39.4764664563       88.8165621668            7715.243               99889
                 258       9.86948339239       39.4764814937       88.8166382899            7790.026              100518
                 259       9.86948432145       39.4764963579       88.8167135364            7892.397              101079
                 260       9.86948523995       39.4765110517       88.8167879194            8072.603              103273
                 261       9.86948614771       39.4765255774        88.816861453            8007.005              103578
                 262       9.86948704528       39.4765399378        88.816934149            8090.885              103721
                 263       9.86948793263       39.4765541354       88.8170060206            8274.461              105407
                 264       9.86948881023       39.4765681722       88.8170770802             8384.48              105293
                 265       9.86948967751       39.4765820516       88.8171473398            8473.079              106424
                 266       9.86949053519        39.476595775       88.8172168117             8651.02              107794
                 267       9.86949138335       39.4766093452       88.8172855073            8740.357              108212
                 268       9.86949222237       39.4766227639       88.8173534383            8979.146              109602
                 269       9.86949305148       39.4766360345       88.8174206159            8936.659              109011
                 270       9.86949387174       39.4766491581       88.8174870512            9201.687              111277
                 271       9.86949468297       39.4766621373       88.8175527552            9262.735              111372
                 272       9.86949548525        39.476674974       88.8176177386            9551.474              112172
                 273       9.86949627881       39.4766876707       88.8176820116            9547.638              113192
                 274       9.86949706372       39.4767002288       88.8177455851            9687.097              113876
                 275       9.86949784012       39.4767126508       88.8178084687             9885.26              115466
                 276       9.86949860824       39.4767249383       88.8178706725           10003.923              115089
                 277       9.86949936785       39.4767370938       88.8179322063           10156.111              117193
                 278       9.86950011943       39.4767491187       88.8179930796           10285.716              117702
                 279       9.86950086297        39.476761015        88.818053302             10451.1              118909
                 280       9.86950159858       39.4767727845       88.8181128826           10626.594              118920
                 281       9.86950232636        39.476784429       88.8181718305           10782.777              120499
                 282       9.86950304646       39.4767959503       88.8182301546           10653.841              120400
                 283       9.86950375899       39.4768073501       88.8182878638           11069.961              121841
                 284        9.8695044642       39.4768186299       88.8183449666           11647.959              122826
                 285       9.86950516164        39.476829792       88.8184014715           11471.474              123941
                 286       9.86950585201       39.4768408375       88.8184573867           11576.204              124472
                 287       9.86950653516       39.4768517681       88.8185127207           11650.306              125007
                 288       9.86950721126       39.4768625854       88.8185674812           12035.481              125991
                 289       9.86950788071       39.4768732906       88.8186216762           12031.953              127218
                 290        9.8695085426       39.4768838864       88.8186753135           12225.337              128193
                 291       9.86950919805       39.4768943732       88.8187284007           12324.944              128542
                 292       9.86950984679       39.4769047528       88.8187809453           12603.028              129760
                 293       9.86951048892       39.4769150266       88.8188329547           12678.533              130604
                 294       9.86951112452       39.4769251962       88.8188844361             12896.2              131766
                 295       9.86951175371       39.4769352628       88.8189353966           12790.732              132839
                 296       9.86951237657        39.476945228       88.8189858433           13680.216              133748
                 297       9.86951299313        39.476955093        88.819035783           13342.333              133432
                 298       9.86951360357       39.4769648591       88.8190852224           13662.074              135056
                 299       9.86951420784       39.4769745279       88.8191341683           13861.923              136726
                 300       9.86951480613       39.4769841003       88.8191826273           14073.522              137309
