ARMA_MAT_TXT_FN008
300 6
   2.57230802685496e-04   2.91051068334908e-04   1.07945429759461e-03   2.27695293878071e-03   4.49982990163424e-03   1.86603068777884e-02
   5.21235709070504e-04   5.89792739234390e-04   2.18681308661076e-03   4.61120880280816e-03   9.10695337401320e-03   3.75871126234135e-02
   7.92031256115710e-04   8.96214552053794e-04   3.32145599143590e-03   6.99978198370282e-03   1.38094637365413e-02   5.65494852363748e-02
   1.06966125864083e-03   1.21033331576409e-03   4.48273445590518e-03   9.43959329687456e-03   1.85950865863272e-02   7.53169989506024e-02
   1.35412435885513e-03   1.53212684379074e-03   5.67000058099677e-03   1.19274572805280e-02   2.34512328740898e-02   9.36638663518069e-02
   1.64541065580101e-03   1.86159624658437e-03   6.88257965619348e-03   1.44601386717292e-02   2.83650506707757e-02   1.11373139030285e-01
   1.94355345381732e-03   2.19869248843421e-03   8.11966112092115e-03   1.70342695130895e-02   3.33234719969871e-02   1.28240646464657e-01
   2.24852444006293e-03   2.54347078407887e-03   9.38051834273062e-03   1.96464139247328e-02   3.83133628001247e-02   1.44078549747340e-01
   2.56035593548596e-03   2.89590792418526e-03   1.06643782121031e-02   2.22930838433384e-02   4.33213784418800e-02   1.58718519225984e-01
   2.87898843842367e-03   3.25597597798228e-03   1.19704048731289e-02   2.49706884386287e-02   4.83341901265832e-02   1.72014391756126e-01
   3.20444502800730e-03   3.62364178175375e-03   1.32977858435958e-02   2.76755361260938e-02   5.33384498945310e-02   1.83844255608046e-01
   3.53671952897740e-03   3.99887888278481e-03   1.46456340528222e-02   3.04039679627362e-02   5.83208945111485e-02   1.94111972017122e-01
   3.87581066148462e-03   4.38163893626320e-03   1.60131047955672e-02   3.31522110834122e-02   6.32683380084221e-02   2.02748059003121e-01
   4.22172518124566e-03   4.77192145021960e-03   1.73992737881653e-02   3.59164883709494e-02   6.81677918350046e-02   2.09710011758729e-01
   4.57442176200463e-03   5.16972488178866e-03   1.88032124785248e-02   3.86929856318164e-02   7.30064873902285e-02   2.14981912664109e-01
   4.93389499941743e-03   5.57498265204476e-03   2.02239855206261e-02   4.14778781461374e-02   7.77718856529298e-02   2.18573645054546e-01
   5.30012930079111e-03   5.98764792408402e-03   2.16606418478355e-02   4.42672951809655e-02   8.24517422660289e-02   2.20519427866476e-01
   5.67311550341599e-03   6.40770342336698e-03   2.31122100096728e-02   4.70573609181183e-02   8.70342011016520e-02   2.20876016013162e-01
   6.05281004913029e-03   6.83511634130373e-03   2.45776794595477e-02   4.98442520090897e-02   9.15077788215169e-02   2.19720396460650e-01
   6.43921056648560e-03   7.26987315598943e-03   2.60560648039980e-02   5.26240964034393e-02   9.58614885406703e-02   2.17147270698384e-01
   6.83226897684358e-03   7.71189616987863e-03   2.75463125589198e-02   5.53930613281409e-02   1.00084796696508e-01   2.13266281067835e-01
   7.23196672824816e-03   8.16114327114850e-03   2.90473979795206e-02   5.81473481749300e-02   1.04167688053297e-01   2.08199035052117e-01
   7.63827188821133e-03   8.61750765920795e-03   3.05582772146697e-02   6.08831721185419e-02   1.08100694853512e-01   2.02076180181198e-01
   8.05118464253017e-03   9.08097149649550e-03   3.20778955972590e-02   6.35967871037997e-02   1.11874936767977e-01   1.95034368962808e-01
   8.47065390428828e-03   9.55146159947603e-03   3.36051549755606e-02   6.62845126527832e-02   1.15482122765222e-01   1.87213400648209e-01
   8.89660875778361e-03   1.00289184191296e-02   3.51389666170292e-02   6.89427124022814e-02   1.18914624817850e-01   1.78753537062686e-01
   9.32901559401808e-03   1.05133091013313e-02   3.66782682633722e-02   7.15678320931497e-02   1.22165413966879e-01   1.69792895326673e-01
   9.76785731133491e-03   1.10045417660534e-02   3.82219495820471e-02   7.41563558727829e-02   1.25228212871238e-01   1.60465144551161e-01
   1.02131237468634e-02   1.15025818565683e-02   3.97689081857361e-02   7.67048538791796e-02   1.28097430049091e-01   1.50897678729903e-01
   1.06647406122861e-02   1.20073513740348e-02   4.13180643081366e-02   7.92099997032085e-02   1.30768141420699e-01   1.41209835767995e-01
   1.11226383493456e-02   1.25187426291984e-02   4.28682918490369e-02   8.16685235557761e-02   1.33236134400883e-01   1.31511543884751e-01
   1.15868100333244e-02   1.30366819698006e-02   4.44184962042393e-02   8.40772470929095e-02   1.35497853661283e-01   1.21902335159588e-01
   1.20571965026412e-02   1.35610941934306e-02   4.59675583843258e-02   8.64331630033816e-02   1.37550545853926e-01   1.12470632878977e-01
   1.25337357489431e-02   1.40919148241924e-02   4.75143813545231e-02   8.87332640846260e-02   1.39392134626358e-01   1.03293345406924e-01
   1.30163777353076e-02   1.46290428876004e-02   4.90578437832250e-02   9.09747411616739e-02   1.41021279039262e-01   9.44358086588160e-02
   1.35050885908709e-02   1.51723952106775e-02   5.05968449131646e-02   9.31549098484376e-02   1.42437267132997e-01   8.59518047775733e-02
   1.39997574761285e-02   1.57219045875297e-02   5.21302975045800e-02   9.52711229739710e-02   1.43640118272733e-01   7.78840033427466e-02
   1.45003651478136e-02   1.62774976401607e-02   5.36571360918406e-02   9.73209284191873e-02   1.44630520472533e-01   7.02645132486250e-02
   1.50068804331818e-02   1.68390501675457e-02   5.51762190124520e-02   9.93019705608874e-02   1.45409826514728e-01   6.31155239504236e-02
   1.55191538898212e-02   1.74064617355216e-02   5.66864846558207e-02   1.01212046257006e-01   1.45979992200154e-01   5.64501633671395e-02
   1.60371441325743e-02   1.79796580361002e-02   5.81868743953099e-02   1.03049082449269e-01   1.46343563690867e-01   5.02734416668413e-02
   1.65607924394000e-02   1.85585023970266e-02   5.96763160423954e-02   1.04811119623372e-01   1.46503730650243e-01   4.45831617831712e-02
   1.70899985371195e-02   1.91428676365211e-02   6.11537900571195e-02   1.06496364125580e-01   1.46464225455213e-01   3.93708692691655e-02
   1.76247167063008e-02   1.97326659615803e-02   6.26182309655940e-02   1.08103128231465e-01   1.46229260143479e-01   3.46229382123953e-02
   1.81648333165232e-02   2.03278058360416e-02   6.40686135483820e-02   1.09629944444569e-01   1.45803606447907e-01   3.03214029653630e-02
   1.87102625923062e-02   2.09281699420152e-02   6.55039333932309e-02   1.11075462612640e-01   1.45192489614697e-01   2.64449211067729e-02
   1.92609461964591e-02   2.15336323626733e-02   6.69232127917360e-02   1.12438442491284e-01   1.44401559041229e-01   2.29695878070606e-02
   1.98168128545764e-02   2.21441091957929e-02   6.83254727323301e-02   1.13717819055143e-01   1.43436921358942e-01   1.98697065215480e-02
   2.03777877210302e-02   2.27594673801441e-02   6.97097567799994e-02   1.14912679873359e-01   1.42304997983620e-01   1.71185456689389e-02
   2.09437241052960e-02   2.33795636475549e-02   7.10751265179044e-02   1.16022256859330e-01   1.41012506346866e-01   1.46888565311461e-02
   2.15146047184271e-02   2.40042853304770e-02   7.24206318324828e-02   1.17045934673250e-01   1.39566530455070e-01   1.25534181635620e-02
   2.20902685027977e-02   2.46335383898192e-02   7.37454035953763e-02   1.17983235016237e-01   1.37974392662786e-01   1.06855498445719e-02
   2.26706590785839e-02   2.52671865942375e-02   7.50485491120110e-02   1.18833812966098e-01   1.36243639680729e-01   9.05939757077310e-03
   2.32556735205393e-02   2.59050933151448e-02   7.63292126631021e-02   1.19597491709847e-01   1.34382016617016e-01   7.65028396942148e-03
   2.38452341638383e-02   2.65471348732657e-02   7.75865518869017e-02   1.20274231556294e-01   1.32397403372073e-01   6.43485886228625e-03
   2.44392395501672e-02   2.71932010461155e-02   7.88197710657351e-02   1.20864157396800e-01   1.30297794171535e-01   5.39123927634083e-03
   2.50375842867590e-02   2.78431284948327e-02   8.00280440695764e-02   1.21367504009591e-01   1.28091315231578e-01   4.49917191860334e-03
   2.56401236564916e-02   2.84967910289105e-02   8.12106085448802e-02   1.21784622207331e-01   1.25786115023458e-01   3.74002251170718e-03
   2.62467848743201e-02   2.91540298003236e-02   8.23667529657928e-02   1.22116051016026e-01   1.23390316806739e-01   3.09683408453545e-03
   2.68574763031225e-02   2.98147363836027e-02   8.34957481430534e-02   1.22362427996129e-01   1.20912083529877e-01   2.55427655396662e-03
   2.74720472963793e-02   3.04787096267980e-02   8.45969284130320e-02   1.22524503423011e-01   1.18359533601629e-01   2.09863630673588e-03
   2.80904163012881e-02   3.11458205939015e-02   8.56696203769104e-02   1.22603183521701e-01   1.15740666592051e-01   1.71762262091475e-03
   2.87124646889306e-02   3.18159405958084e-02   8.67131787674967e-02   1.22599454782386e-01   1.13063448651005e-01   1.40037773211607e-03
   2.93380513314771e-02   3.24889339114503e-02   8.77270093046432e-02   1.22514469085041e-01   1.10335660258699e-01   1.13735088553087e-03
   2.99670637474207e-02   3.31646257471887e-02   8.87105191071449e-02   1.22349432694072e-01   1.07564923601510e-01   9.20171508247288e-04
   3.05994173391176e-02   3.38428783689059e-02   8.96632044147915e-02   1.22105697919900e-01   1.04758755444931e-01   7.41623641750830e-04
   3.12349718551690e-02   3.45235088214304e-02   9.05845363869831e-02   1.21784718772087e-01   1.01924466874979e-01   5.95446412970291e-04
   3.18736016679225e-02   3.52063725675273e-02   9.14740273419068e-02   1.21388021172584e-01   9.90691128956109e-02   4.76241056536214e-04
   3.25152043148220e-02   3.58913407941186e-02   9.23312282609399e-02   1.20917232667972e-01   9.61995761089768e-02   3.79463937003792e-04
   3.31596448269543e-02   3.65782431039464e-02   9.31557301215328e-02   1.20374082721301e-01   9.33224516843954e-02   3.01204579493347e-04
   3.38067928575002e-02   3.72669311014592e-02   9.39471318578217e-02   1.19760354898189e-01   9.04440846460303e-02   2.38175177146185e-04
   3.44565425268797e-02   3.79572647934691e-02   9.47050755351124e-02   1.19077938003690e-01   8.75705615591514e-02   1.87633051699875e-04
   3.51087293583312e-02   3.86490386857073e-02   9.54292040444949e-02   1.18328760313985e-01   8.47076565342004e-02   1.47259926475288e-04
   3.57632216728938e-02   3.93421204650238e-02   9.61192399296449e-02   1.17514828891400e-01   8.18608737369637e-02   1.15137799739630e-04
   3.64198976766806e-02   4.00363587782750e-02   9.67749064883915e-02   1.16638248993633e-01   7.90354414865321e-02   8.96781944047760e-05
   3.70786334774251e-02   4.07315625222553e-02   9.73959596949261e-02   1.15701133163309e-01   7.62362534828538e-02   6.95747527210418e-05
   3.77392655748712e-02   4.14275345142083e-02   9.79821819216555e-02   1.14705650262372e-01   7.34678994838404e-02   5.37877103482395e-05
   3.84016871548212e-02   4.21241201182913e-02   9.85333841866601e-02   1.13654011527357e-01   7.07346959659451e-02   4.14515092175402e-05
   3.90657770392086e-02   4.28211531072336e-02   9.90494302497447e-02   1.12548504322667e-01   6.80406017976124e-02   3.18497599929067e-05
   3.97313589008283e-02   4.35184471309945e-02   9.95302142223992e-02   1.11391419603637e-01   6.53893188846780e-02   2.43666699248944e-05
   4.03982937053501e-02   4.42158619956019e-02   9.99756342911968e-02   1.10185080233845e-01   6.27842302757932e-02   1.85847164415736e-05
   4.10664323011767e-02   4.49132360778467e-02   1.00385635299863e-01   1.08931791359578e-01   6.02283677109577e-02   1.41222891441893e-05
   4.17356374152591e-02   4.56103664465049e-02   1.00760172400436e-01   1.07633942460154e-01   5.77245323438505e-02   1.06996974018646e-05
   4.24057615627413e-02   4.63070970120755e-02   1.01099259953150e-01   1.06293929972911e-01   5.52752109170427e-02   8.08526489903996e-06
   4.30766676714195e-02   4.70032497638953e-02   1.01402960352936e-01   1.04914143514765e-01   5.28825662494040e-02   6.08032613113864e-06
   4.37482401213643e-02   4.76986446629748e-02   1.01671337917954e-01   1.03496966555999e-01   5.05485361579976e-02   4.55309552478563e-06
   4.44202813956138e-02   4.83931179327124e-02   1.01904476894707e-01   1.02044803243028e-01   4.82747618319854e-02   3.40579256406966e-06
   4.50926463072266e-02   4.90864868467464e-02   1.02102507779536e-01   1.00560012842075e-01   4.60626407189468e-02   2.53556319637854e-06
   4.57651946455902e-02   4.97785998286152e-02   1.02265560740946e-01   9.90450041649235e-02   4.39133268793309e-02   1.85716649472825e-06
   4.64377552445987e-02   5.04692646959930e-02   1.02393821377395e-01   9.75021419033433e-02   4.18277105979286e-02   1.34379323983703e-06
   4.71101729566304e-02   5.11582936511784e-02   1.02487493772614e-01   9.59337504500010e-02   3.98064309695432e-02   9.65104177525556e-07
   4.77823125270535e-02   5.18455247574011e-02   1.02546810173523e-01   9.43421083909367e-02   3.78499809448159e-02   7.21776999843529e-07
   4.84540382882117e-02   5.25307754356433e-02   1.02572013697230e-01   9.27295234979602e-02   3.59585821238390e-02   5.53215686071016e-07
   4.91251572358489e-02   5.32138714876599e-02   1.02563335950613e-01   9.10982831764987e-02   3.41322936257265e-02   4.32579724679816e-07
   4.97955145113339e-02   5.38946405148546e-02   1.02521120710741e-01   8.94505819004764e-02   3.23709058225398e-02   3.31641642178182e-07
   5.04649257685635e-02   5.45728740613636e-02   1.02445674969790e-01   8.77886443906396e-02   3.06741632413724e-02   2.61108436473999e-07
   5.11332427709848e-02   5.52484080457322e-02   1.02337322339867e-01   8.61146142408323e-02   2.90415726353829e-02   1.90926176255524e-07
   5.18003011195701e-02   5.59210561347194e-02   1.02196500189164e-01   8.44306108209139e-02   2.74724939742779e-02   1.31218303554299e-07
   5.24659657653062e-02   5.65906422811614e-02   1.02023567374284e-01   8.27386781476353e-02   2.59661612538557e-02   7.46638201084520e-08
   5.31300895615340e-02   5.72570219766179e-02   1.01818951693994e-01   8.10408282134003e-02   2.45216912463091e-02   5.66458202678553e-08
   5.37924728932316e-02   5.79199988391382e-02   1.01583076559934e-01   7.93390511609987e-02   2.31380678492366e-02   3.87858600102549e-08
   5.44529381136553e-02   5.85793663608014e-02   1.01316417740647e-01   7.76352301663419e-02   2.18141311761140e-02   1.80218791240761e-08
   5.51113463081737e-02   5.92350037404771e-02   1.01019456307505e-01   7.59312070817361e-02   2.05487469726702e-02   1.60184688780183e-09
   5.57675497359948e-02   5.98867142777160e-02   1.00692711902646e-01   7.42288356504355e-02   1.93405793124492e-02  -1.90409233499220e-09
   5.64213215400295e-02   6.05343132203717e-02   1.00336648008555e-01   7.25298276912680e-02   1.81882754306942e-02  -1.43342564474353e-08
   5.70725266410009e-02   6.11776061387515e-02   9.99518061559978e-02   7.08358645991818e-02   1.70904084376549e-02  -1.27829934659405e-08
   5.77209628471800e-02   6.18164132502151e-02   9.95387553608429e-02   6.91485683090593e-02   1.60455027386234e-02  -1.66861352039377e-08
   5.83664915195544e-02   6.24505748742060e-02   9.90980490021944e-02   6.74694927837319e-02   1.50520023228915e-02  -4.75115521133420e-09
   5.90090022389390e-02   6.30798988059894e-02   9.86302371611566e-02   6.58001593519275e-02   1.41083814362304e-02  -4.27614986585865e-09
   5.96482972536757e-02   6.37042284695205e-02   9.81359275541688e-02   6.41420341487683e-02   1.32130411739390e-02  -2.85088662003754e-09
   6.02841806379678e-02   6.43233754761216e-02   9.76157116833962e-02   6.24964806031357e-02   1.23643279064950e-02  -7.72942603236504e-10
   6.09164868307634e-02   6.49371676357820e-02   9.70701545923213e-02   6.08647657815346e-02   1.15606568563085e-02  -6.12218423228371e-10
   6.15450497766804e-02   6.55454277496253e-02   9.64999099877540e-02   5.92481248688017e-02   1.08003948247238e-02   1.05265534697282e-08
   6.21697272316550e-02   6.61480383994586e-02   9.59056384941340e-02   5.76477425659728e-02   1.00818837418998e-02   9.64208806103388e-09
   6.27903313275741e-02   6.67447972159607e-02   9.52879396232511e-02   5.60647759506005e-02   9.40353166719207e-03   1.50758551547922e-08
   6.34067109343316e-02   6.73355363823340e-02   9.46475067753770e-02   5.45002449054066e-02   8.76367001200754e-03   2.11029990101719e-08
   6.40187018468821e-02   6.79200797846510e-02   9.39849958106604e-02   5.29551308115083e-02   8.16069497000733e-03   9.01250330281927e-09
   6.46261366657325e-02   6.84982601181299e-02   9.33011066128302e-02   5.14303865199023e-02   7.59305389646115e-03  -1.08876993133125e-08
   6.52288718397364e-02   6.90699200646724e-02   9.25964974214674e-02   4.99268445116803e-02   7.05922027711362e-03  -2.00278490077379e-08
   6.58267045109429e-02   6.96349027918849e-02   9.18718505872114e-02   4.84452891517579e-02   6.55758835324612e-03  -1.68826894451880e-08
   6.64194760698587e-02   7.01930353663306e-02   9.11278399117224e-02   4.69864688978885e-02   6.08670104075672e-03  -2.70765232185650e-09
   6.70070086314933e-02   7.07441512188020e-02   9.03651769430214e-02   4.55510814966835e-02   5.64507271498959e-03   6.19230250052349e-09
   6.75891391909900e-02   7.12880927336117e-02   8.95845581774909e-02   4.41397653416355e-02   5.23127646982027e-03   1.52208446107820e-08
   6.81657191063296e-02   7.18247198944138e-02   8.87866418556585e-02   4.27530294746838e-02   4.84391186487625e-03   1.32519202508076e-08
   6.87365671361636e-02   7.23538383090906e-02   8.79721469681784e-02   4.13914056685985e-02   4.48162453818346e-03  -5.35730951791555e-09
   6.93014905434767e-02   7.28752981316378e-02   8.71417609557611e-02   4.00553252898231e-02   4.14314394145615e-03  -9.45358120915190e-09
   6.98603851662002e-02   7.33889434431931e-02   8.62961622771796e-02   3.87451803183712e-02   3.82718012815241e-03  -1.40430353937736e-08
   7.04130727930624e-02   7.38946146628992e-02   8.54360825895713e-02   3.74613337272845e-02   3.53251810983409e-03  -1.23562395370516e-08
   7.09593626338220e-02   7.43921594149264e-02   8.45622204566375e-02   3.62040754370832e-02   3.25796810318714e-03  -1.00094728165638e-09
   7.14991145806325e-02   7.48814382281439e-02   8.36752685776555e-02   3.49736385209822e-02   3.00236451280584e-03  -8.19777072186498e-09
   7.20321799083566e-02   7.53623169230168e-02   8.27759012321004e-02   3.37701826159911e-02   2.76462545751444e-03  -1.12834139163474e-08
   7.25583470520020e-02   7.58346255203963e-02   8.18648417624055e-02   3.25938578390240e-02   2.54370491269907e-03   1.00563383265222e-08
   7.30774754395935e-02   7.62982481272106e-02   8.09427682089404e-02   3.14447945729824e-02   2.33856539607414e-03   1.50612136371824e-08
   7.35894121452219e-02   7.67530617332200e-02   8.00103847142474e-02   3.03230271289640e-02   2.14826340485098e-03   6.81122417905680e-09
   7.40940133230028e-02   7.71988796019421e-02   7.90683715984108e-02   2.92285891847427e-02   1.97186954075121e-03  -1.70804494433214e-08
   7.45910844165867e-02   7.76355287082334e-02   7.81174324546367e-02   2.81614580056275e-02   1.80853980754912e-03  -3.18192833600871e-08
   7.50804829803175e-02   7.80629312952485e-02   7.71582207009085e-02   2.71215670100828e-02   1.65746940133575e-03  -3.52211589588026e-08
   7.55620076006889e-02   7.84809340930563e-02   7.61913996305194e-02   2.61088034561863e-02   1.51782194516743e-03  -4.98485072242412e-08
   7.60355183732715e-02   7.88893787782941e-02   7.52176266784566e-02   2.51230662338019e-02   1.38884393534152e-03  -5.13890160971672e-08
   7.65008566595526e-02   7.92881570635492e-02   7.42375605210044e-02   2.41641831661621e-02   1.26984910938695e-03  -5.97153187429065e-08
   7.69578940577313e-02   7.96771337046337e-02   7.32518488420673e-02   2.32319565983141e-02   1.16013035097478e-03  -3.96093210851933e-08
   7.74064860918157e-02   8.00561634213863e-02   7.22610979140493e-02   2.23261378340079e-02   1.05904648264368e-03  -9.66759372120721e-09
   7.78465131164070e-02   8.04251418103937e-02   7.12659038155330e-02   2.14464799085414e-02   9.66009824820032e-04  -5.55277474832158e-09
   7.82777616886352e-02   8.07839098243331e-02   7.02669264176707e-02   2.05927264214663e-02   8.80458416265767e-04  -1.43038399411950e-08
   7.87000587897033e-02   8.11323847273796e-02   6.92647215052020e-02   1.97645524118291e-02   8.01881223365330e-04  -1.94924589072073e-08
   7.91133243284487e-02   8.14704436720067e-02   6.82599361329444e-02   1.89616346597365e-02   7.29759669661110e-04  -1.21199652653549e-08
   7.95173803954551e-02   8.17979378758417e-02   6.72531559040553e-02   1.81836334453963e-02   6.63619469826893e-04  -1.99916207833473e-08
   7.99120891047117e-02   8.21147625770381e-02   6.62449477067917e-02   1.74301884365140e-02   6.03021216623217e-04  -1.72808479340701e-08
   8.02973015868983e-02   8.24208599067351e-02   6.52358616343246e-02   1.67009475902676e-02   5.47531415028598e-04  -1.65483662745340e-08
   8.06728927616226e-02   8.27160895182666e-02   6.42264879012133e-02   1.59955013477897e-02   4.96745301431462e-04  -6.65680178424806e-09
   8.10387434075303e-02   8.30003129240171e-02   6.32173235584743e-02   1.53134076549959e-02   4.50361217104406e-04   6.31130722466027e-09
   8.13947253108299e-02   8.32734519563221e-02   6.22089529218377e-02   1.46542727886193e-02   4.07992883601384e-04   7.10834346964379e-09
   8.17406548860903e-02   8.35354042867884e-02   6.12018642583060e-02   1.40176262591351e-02   3.69318648277448e-04  -1.26795576439895e-08
   8.20763973123433e-02   8.37860956831425e-02   6.01965639090290e-02   1.34030357546483e-02   3.34048976468479e-04  -4.75938920821006e-08
   8.24017925630040e-02   8.40254246680432e-02   5.91935737063579e-02   1.28100796949601e-02   3.01918432842803e-04  -5.58745584113357e-08
   8.27167351294014e-02   8.42532762316728e-02   5.81933652856077e-02   1.22382542019823e-02   2.72660140584721e-04  -4.97419570291963e-08
   8.30210796160934e-02   8.44695700054882e-02   5.71964211878416e-02   1.16870818806630e-02   2.46055741573902e-04  -3.24779610061814e-08
   8.33147218135504e-02   8.46742381339807e-02   5.62031562067734e-02   1.11561300073531e-02   2.21877728471192e-04  -1.56363398479963e-08
   8.35975418300591e-02   8.48671849776333e-02   5.52140322135532e-02   1.06448854376108e-02   1.99943763031718e-04  -1.10780484914600e-08
   8.38693714533796e-02   8.50483193946402e-02   5.42294952237458e-02   1.01528923596343e-02   1.80047553941996e-04   1.79687610663950e-09
   8.41301222155236e-02   8.52175632465031e-02   5.32499030494552e-02   9.67966149341411e-03   1.61990854676309e-04   4.29592999949188e-10
   8.43796737907326e-02   8.53748344692700e-02   5.22757097742034e-02   9.22468616293125e-03   1.45635187203090e-04   1.17326012285827e-09
   8.46178957953853e-02   8.55200464598731e-02   5.13072461456029e-02   8.78749204991374e-03   1.30832438020380e-04  -1.50106026780202e-08
   8.48446680053472e-02   8.56531303261481e-02   5.03449096334427e-02   8.36756592426825e-03   1.17429319953602e-04  -2.21106736833513e-08
   8.50598947592959e-02   8.57740341189046e-02   4.93890905943194e-02   7.96444060731080e-03   1.05311980116825e-04  -1.80810308101947e-08
   8.52634844059017e-02   8.58826834480289e-02   4.84400975128401e-02   7.57762996285146e-03   9.43950664585330e-05   4.52717650527383e-09
   8.54553204923068e-02   8.59790019841666e-02   4.74982793726526e-02   7.20666258652370e-03   8.45602923763018e-05   4.29896699184964e-09
   8.56352712546634e-02   8.60629473658900e-02   4.65639994293231e-02   6.85105100664399e-03   7.56906134841227e-05  -2.84950011783867e-09
   8.58032309739146e-02   8.61344462238132e-02   4.56375097252189e-02   6.51033986465639e-03   6.77041233921219e-05  -1.46092873503034e-08
   8.59591069079005e-02   8.61934487776858e-02   4.47191098591278e-02   6.18402934050067e-03   6.04890149510394e-05  -2.16483463055668e-08
   8.61027954681792e-02   8.62399239738424e-02   4.38091133677942e-02   5.87169945714872e-03   5.39984398356260e-05  -3.04798504083852e-08
   8.62342048891413e-02   8.62738196219236e-02   4.29077869909146e-02   5.57287588217843e-03   4.81758764234481e-05  -3.68709645303813e-09
   8.63532586815957e-02   8.62950603155103e-02   4.20153423077749e-02   5.28711892246420e-03   4.29459009265634e-05   1.21489850847489e-08
   8.64598613907049e-02   8.63036505700010e-02   4.11320459631600e-02   5.01396822631076e-03   3.82460030104929e-05   2.77633801736866e-08
   8.65538680608152e-02   8.62995520451244e-02   4.02581387354015e-02   4.75300533301704e-03   3.40222008478982e-05   1.78369019815550e-08
   8.66352133598111e-02   8.62827172498042e-02   3.93938222770441e-02   4.50382466983935e-03   3.02294605966025e-05   2.06307227604095e-08
   8.67038233468122e-02   8.62531066514588e-02   3.85392689416726e-02   4.26597059495641e-03   2.68718917297546e-05   8.47274794202371e-09
   8.67596300408224e-02   8.62106538852659e-02   3.76947348833367e-02   4.03904352437409e-03   2.38949609930218e-05   2.26767377519383e-08
   8.68025353410986e-02   8.61553706661800e-02   3.68603444501126e-02   3.82268394121883e-03   2.11721315909000e-05   2.82341934976774e-08
   8.68324526707135e-02   8.60872153745583e-02   3.60362739002876e-02   3.61644185065666e-03   1.87365586874698e-05   2.24487400769069e-08
   8.68493525425469e-02   8.60061559217797e-02   3.52226463981439e-02   3.41996621685662e-03   1.65657456567116e-05   1.19926513043074e-08
   8.68531079247636e-02   8.59121602288760e-02   3.44196001573963e-02   3.23285575710290e-03   1.46363577929125e-05  -4.32100752461475e-09
   8.68436676789155e-02   8.58052340332562e-02   3.36273016657394e-02   3.05475454687680e-03   1.29296847512773e-05  -1.91167044921396e-08
   8.68209632314655e-02   8.56853817030466e-02   3.28458614655249e-02   2.88534783359924e-03   1.14093007376394e-05  -2.09265282202175e-08
   8.67849299963715e-02   8.55525707729140e-02   3.20753742066688e-02   2.72422408166000e-03   1.00703738004646e-05  -2.00564143106881e-08
   8.67355161158112e-02   8.54068213095554e-02   3.13159697844292e-02   2.57106567044753e-03   8.88397540936691e-06  -1.63653721400846e-09
   8.66726452593023e-02   8.52481138158603e-02   3.05677136848327e-02   2.42555617156077e-03   7.84125453014448e-06   1.64476969940854e-08
   8.65962570583178e-02   8.50764491455953e-02   2.98306868957847e-02   2.28738328181725e-03   6.90728622955874e-06   1.44804047026327e-08
   8.65063048895702e-02   8.48918365053164e-02   2.91049429033141e-02   2.15624737842042e-03   6.06842898365001e-06   1.51450461296849e-08
   8.64027879770696e-02   8.46942775872859e-02   2.83905724732683e-02   2.03181434282234e-03   5.31128137201201e-06   2.28176051413993e-08
   8.62856180838720e-02   8.44837844452103e-02   2.76875632918854e-02   1.91379868223139e-03   4.64925084002951e-06   1.86911230905683e-08
   8.61547350066409e-02   8.42603728761536e-02   2.69959425710517e-02   1.80192382518262e-03   4.08631485676157e-06   1.47680181275673e-08
   8.60101589886752e-02   8.40240694330160e-02   2.63157662014975e-02   1.69591554519143e-03   3.56516531347977e-06   8.96414162230352e-09
   8.58518400045539e-02   8.37748665463306e-02   2.56470482282607e-02   1.59552001360686e-03   3.12251608652070e-06   7.52339072518233e-09
   8.56797146819602e-02   8.35127576288106e-02   2.49897728895721e-02   1.50047455891998e-03   2.71270758594481e-06   1.24968699190577e-10
   8.54937974444721e-02   8.32377618474824e-02   2.43439752863123e-02   1.41051261302165e-03   2.35646066069682e-06   1.56417204715097e-08
   8.52940086901380e-02   8.29499600327215e-02   2.37096279880511e-02   1.32544796949668e-03   2.05672507560220e-06   5.53464135855777e-09
   8.50803284940623e-02   8.26493466408331e-02   2.30867156528942e-02   1.24502167709152e-03   1.79523300206301e-06   3.48204410975283e-09
   8.48527185494687e-02   8.23359429671942e-02   2.24752085622202e-02   1.16899700637519e-03   1.58016500323443e-06   4.42992974450893e-09
   8.46111773053466e-02   8.20098294988418e-02   2.18750727341091e-02   1.09720310389581e-03   1.37679801507992e-06   2.56704837999385e-08
   8.43556818359166e-02   8.16710134509574e-02   2.12862988013546e-02   1.02940467477020e-03   1.17220907171769e-06   3.34656761084124e-08
   8.40862405947366e-02   8.13195157157520e-02   2.07088194072435e-02   9.65392382241892e-04   9.91296599473863e-07   2.42636365147480e-08
   8.38028620361964e-02   8.09554078053509e-02   2.01425910478954e-02   9.05017718992157e-04   8.36806773655023e-07   8.95991445621691e-09
   8.35054834874290e-02   8.05787212069891e-02   1.95875781349055e-02   8.48069114397813e-04   7.03096952319723e-07  -2.19147795351034e-10
   8.31941321399720e-02   8.01895328317865e-02   1.90436988649589e-02   7.94409649720380e-04   6.16089985514267e-07   1.47950005749404e-09
   8.28687895004550e-02   7.97878521214583e-02   1.85108668673346e-02   7.43848068400934e-04   5.31587047454706e-07   2.01084555902312e-08
   8.25294808491753e-02   7.93737390101788e-02   1.79890225655366e-02   6.96233980372100e-04   4.75802041158813e-07   2.75558469998000e-08
   8.21761913599257e-02   7.89472645659465e-02   1.74780928414832e-02   6.51398956869236e-04   4.31605995037763e-07   3.21265486530960e-09
   8.18089519911279e-02   7.85084900184095e-02   1.69779491830547e-02   6.09208095912763e-04   3.67549816157097e-07   3.85994594028406e-09
   8.14277566963462e-02   7.80574631617222e-02   1.64885056902898e-02   5.69553657101357e-04   3.24841435170666e-07  -7.08363699587069e-10
   8.10326686387370e-02   7.75942423887771e-02   1.60096568870383e-02   5.32291465619145e-04   3.02651356822114e-07  -3.07069749228985e-09
   8.06236536844409e-02   7.71188931890650e-02   1.55412939846239e-02   4.97267294966165e-04   2.77161203325176e-07   1.55637066503003e-09
   8.02007681832281e-02   7.66314942097016e-02   1.50833159733445e-02   4.64372782156361e-04   2.57457176989257e-07  -5.69650551876964e-09
   7.97640329887216e-02   7.61321235977287e-02   1.46356165492414e-02   4.33481176227815e-04   2.42293413618725e-07  -1.63378193170151e-08
   7.93134555265843e-02   7.56208412652232e-02   1.41980887611069e-02   4.04496967856099e-04   2.39331617985647e-07  -1.79183214025711e-08
   7.88491056796534e-02   7.50977354772010e-02   1.37706368241393e-02   3.77265848971976e-04   2.34708422982368e-07  -1.26397017884973e-08
   7.83710062299863e-02   7.45629445949072e-02   1.33531344286157e-02   3.51763243746813e-04   2.46946027162665e-07  -1.70042688581750e-08
   7.78791854814322e-02   7.40165227892385e-02   1.29454692364261e-02   3.27896123036755e-04   2.46008042903585e-07  -8.17274154385137e-09
   7.73736746305376e-02   7.34585516866784e-02   1.25474809951965e-02   3.05510517624379e-04   2.35947742559616e-07  -7.58418645614303e-09
   7.68545375022011e-02   7.28891180925290e-02   1.21590779152420e-02   2.84521589290440e-04   2.20196025020139e-07  -1.13166919060648e-08
   7.63218279526705e-02   7.23082715784047e-02   1.17801073897676e-02   2.64890961811415e-04   2.28073524787269e-07  -1.64545061419461e-08
   7.57756111593085e-02   7.17161428816138e-02   1.14104324497146e-02   2.46492190754108e-04   2.30407994720482e-07  -1.52947362151220e-08
   7.52159641407941e-02   7.11128257302270e-02   1.10499436009450e-02   2.29296963945341e-04   2.23961201873841e-07  -2.02089287522064e-08
   7.46429105916322e-02   7.04983954933114e-02   1.06984633770411e-02   2.13214575719036e-04   2.32715128719954e-07  -1.46438960018664e-08
   7.40565100915784e-02   6.98729124974573e-02   1.03558668839465e-02   1.98179230447259e-04   2.43052155935829e-07  -1.55981396255467e-08
   7.34568609251083e-02   6.92365187412612e-02   1.00220331843440e-02   1.84132805591685e-04   2.39394405937038e-07  -1.20738845807570e-08
   7.28440611075460e-02   6.85893313372975e-02   9.69679154253182e-03   1.71021089445036e-04   2.27760371703478e-07  -8.32857784086869e-09
   7.22181764089763e-02   6.79314240322753e-02   9.38001668290492e-03   1.58773058505892e-04   2.22881544365329e-07   2.16801783175628e-09
   7.15792376705863e-02   6.72629328816784e-02   9.07154801877734e-03   1.47352937454837e-04   2.28322154933258e-07   6.90203689599659e-09
   7.09273630494564e-02   6.65839653576263e-02   8.77120561351754e-03   1.36695667188348e-04   2.37408781212708e-07   1.85915128452427e-08
   7.02626335135761e-02   6.58946161641575e-02   8.47888005164705e-03   1.26781425700544e-04   2.38236324054254e-07   1.35581448391213e-08
   6.95851188776996e-02   6.51949931000913e-02   8.19441502097554e-03   1.17549543217926e-04   2.42686931539101e-07   1.01805559267231e-08
   6.88949105567830e-02   6.44852289057018e-02   7.91768480501500e-03   1.08937102092272e-04   2.59262715269940e-07   6.93367015971613e-09
   6.81921014350206e-02   6.37654615252571e-02   7.64853158863413e-03   1.00894078858646e-04   2.55601920837057e-07  -1.60132062121753e-09
   6.74767683645561e-02   6.30358248382969e-02   7.38680902553031e-03   9.34057507025822e-05   2.27738501176876e-07  -1.28180120543847e-08
   6.67489908690809e-02   6.22964054475357e-02   7.13239438651463e-03   8.64415345752036e-05   1.99458004638551e-07  -1.06374253608978e-08
   6.60089248464608e-02   6.15473115733810e-02   6.88510463398882e-03   7.99794392682225e-05   2.07734987092060e-07  -4.06240302658129e-09
   6.52566879869045e-02   6.07886820678530e-02   6.64479474157104e-03   7.39767472732927e-05   1.95146530803992e-07  -1.29341692663362e-08
   6.44923256049462e-02   6.00206663810271e-02   6.41135782624929e-03   6.83950823487166e-05   2.02732911463677e-07  -1.01882170429925e-08
   6.37159789008848e-02   5.92433391207803e-02   6.18458252016416e-03   6.32010430418913e-05   2.09702812677356e-07  -7.04206714957242e-09
   6.29277467765569e-02   5.84568225818304e-02   5.96435877083094e-03   5.83637522271128e-05   1.88261597499958e-07   7.37746511876902e-11
   6.21277779630241e-02   5.76612638612306e-02   5.75053977883295e-03   5.38933802218532e-05   1.52215281557394e-07   1.67985468604240e-10
   6.13161898909160e-02   5.68568210087262e-02   5.54297861677346e-03   4.97595313785094e-05   1.34184640930899e-07   1.86942259165104e-08
   6.04931299040488e-02   5.60436030563559e-02   5.34154885162086e-03   4.59245821120099e-05   9.04860476295424e-08   1.97188339282328e-08
   5.96587057478468e-02   5.52217655840549e-02   5.14611136042317e-03   4.23716658442215e-05   9.48406615578308e-08   1.27667644865636e-08
   5.88130739796048e-02   5.43914162539795e-02   4.95652116280315e-03   3.90683730695418e-05   9.60406045674371e-08   8.77429836398996e-09
   5.79563367085789e-02   5.35527179955452e-02   4.77264412631981e-03   3.60142071967114e-05   7.81433694431198e-08   4.28450404203805e-09
   5.70886061911780e-02   5.27058171624934e-02   4.59432053684507e-03   3.31758909278507e-05   8.64154115629653e-08   1.11360847269956e-09
   5.62100323586438e-02   5.18508205944211e-02   4.42142529032899e-03   3.05672800428143e-05   6.83966718027638e-08  -1.31123039457471e-08
   5.53207348744191e-02   5.09878741635664e-02   4.25381971986816e-03   2.81472879253976e-05   2.28902593655963e-08  -7.61597167740357e-09
   5.44209217140904e-02   5.01171568539538e-02   4.09135886605457e-03   2.59149413209388e-05   5.09332510030478e-08   1.27554451374841e-09
   5.35107338135315e-02   4.92387863325670e-02   3.93389065760964e-03   2.38417570325141e-05   5.38778524463659e-08  -1.26961544107313e-08
   5.25903210098998e-02   4.83529191364964e-02   3.78129053751193e-03   2.19150613483558e-05   3.76636991014049e-08  -1.00854710506764e-08
   5.16598244565546e-02   4.74596901865913e-02   3.63344471460101e-03   2.01278996883240e-05   2.67403190617631e-08  -9.02112303777779e-09
   5.07194301906760e-02   4.65592446839775e-02   3.49022095654509e-03   1.84811971782922e-05   3.56436554081525e-08  -6.58077582957030e-09
   4.97692467651765e-02   4.56517329035868e-02   3.35147527176922e-03   1.69668603696375e-05   4.51359635223589e-08  -4.12186578257327e-09
   4.88094537241155e-02   4.47373014573305e-02   3.21711392539828e-03   1.55963879430912e-05   6.94392512497238e-08   1.53802208561445e-08
   4.78402616437445e-02   4.38160914148696e-02   3.08698674911252e-03   1.43189231299918e-05   6.69563474815275e-08   1.52652025734532e-08
   4.68617809454872e-02   4.28882753297052e-02   2.96096784836398e-03   1.31377424296016e-05   5.24811497147589e-08   6.34100060400194e-09
   4.58742167847580e-02   4.19540415175310e-02   2.83894821161758e-03   1.20428154618069e-05   3.74884776070886e-08  -7.54073206205040e-09
   4.48777731407255e-02   4.10134913067683e-02   2.72081620004758e-03   1.10471763119324e-05   2.45047523451395e-08  -1.05222041492365e-08
   4.38725876284305e-02   4.00667881516162e-02   2.60646931191314e-03   1.01267711960356e-05   1.73822558920226e-08  -8.11804505634549e-09
   4.28588200868116e-02   3.91140759620787e-02   2.49575818233022e-03   9.28241736326359e-06   2.01261481165986e-08  -1.37743251417965e-08
   4.18366707836303e-02   3.81555000367632e-02   2.38861836620366e-03   8.49812699699522e-06  -1.17247128961976e-08  -9.37893296170054e-09
   4.08063466930581e-02   3.71912482532229e-02   2.28495328492449e-03   7.76380386145612e-06  -4.69875378619625e-09  -1.32167816645712e-08
   3.97680270249760e-02   3.62214387072213e-02   2.18461062392698e-03   7.11125102997035e-06   1.64209776107888e-08  -1.43701470435141e-08
   3.87218970530448e-02   3.52462239318526e-02   2.08748516028518e-03   6.48296372917349e-06   4.41066201913999e-08  -9.98247969690229e-09
   3.76681622625553e-02   3.42657614782214e-02   1.99344351810940e-03   5.93231719294308e-06   3.57200115375153e-08   1.19927773304185e-08
   3.66070147812852e-02   3.32802296715213e-02   1.90241239843714e-03   5.43598494167568e-06   2.33748302661287e-08   2.11714667908216e-08
   3.55386763976373e-02   3.22897638817116e-02   1.81424655417602e-03   4.96954937750924e-06   2.98576882863147e-08   6.61879338108587e-09
   3.44632980993462e-02   3.12945277940850e-02   1.72886519333393e-03   4.54961647180528e-06   5.26264329660623e-08   8.19486547494162e-09
   3.33810907314582e-02   3.02946707546257e-02   1.64616051359314e-03   4.18071796613499e-06   5.42256613224669e-08  -5.18890423943866e-09
   3.22922666585251e-02   2.92903778972871e-02   1.56603046288612e-03   3.79583779164477e-06   5.25278954407989e-08  -2.00064742519668e-08
   3.11970221925516e-02   2.82818120832868e-02   1.48838445041167e-03   3.42164329445151e-06   6.10254026193247e-08  -1.33797265499674e-08
   3.00955843192336e-02   2.72690882480554e-02   1.41312325068443e-03   3.08747722705580e-06   4.60534500280378e-08  -1.39285502762714e-08
   2.89881694072337e-02   2.62523778525944e-02   1.34015671200511e-03   2.80280969660113e-06   3.62987788315808e-08  -8.84618137308237e-09
   2.78749917051398e-02   2.52318721514509e-02   1.26942859145308e-03   2.52750671379537e-06   3.49164309062748e-08  -1.68535810572079e-08
   2.67562149854845e-02   2.42077262388363e-02   1.20077374419080e-03   2.26780960291599e-06   2.96721303509967e-08  -4.35263096206228e-09
   2.56320741755318e-02   2.31801042933410e-02   1.13412164916815e-03   2.02348152901049e-06   1.97106847251461e-08   6.47789755020138e-09
   2.45027720886965e-02   2.21491359785094e-02   1.06940508900943e-03   1.83461246301347e-06   2.56907896055110e-08   5.44054936799145e-09
   2.33685483894914e-02   2.11149631390858e-02   1.00651745594436e-03   1.66976163409095e-06   1.61469598060892e-08  -2.95650571708742e-09
   2.22296298192314e-02   2.00777421861059e-02   9.45376189619173e-04   1.53747516408632e-06  -2.89151323374126e-08   4.08304061810072e-09
   2.10862164075388e-02   1.90376567393333e-02   8.85902270533712e-04   1.42856934154657e-06  -6.20585307408172e-08  -5.77338540307810e-09
   1.99385282423357e-02   1.79948206091274e-02   8.28007246625679e-04   1.30119456538515e-06  -6.28866336673776e-08  -9.72410416702985e-09
   1.87867926247855e-02   1.69494047324304e-02   7.71605776002643e-04   1.17843628185921e-06  -7.65073249908844e-08  -5.38535323314307e-09
   1.76312518726829e-02   1.59015827142026e-02   7.16575855635261e-04   1.07457976400138e-06  -5.90312861966372e-08  -7.56383634087923e-09
   1.64721269390539e-02   1.48515094357174e-02   6.62876856393644e-04   9.63906718385232e-07  -7.04816680348738e-08  -8.46738575080232e-09
   1.53096484916679e-02   1.37993067622287e-02   6.10408691326751e-04   8.70964706412108e-07  -6.41680236948337e-08  -1.52986099675049e-08
   1.41440802591310e-02   1.27451725707677e-02   5.59059532409129e-04   7.87485359821484e-07  -3.60252504782084e-08  -9.98805227989841e-09
   1.29756172535720e-02   1.16893058453158e-02   5.08763411724175e-04   7.09282507513614e-07  -2.46132245626610e-08  -1.07345895536910e-08
   1.18045105802047e-02   1.06317889970325e-02   4.59399688203702e-04   6.33179712214750e-07  -3.12920372499353e-08  -8.72699439060908e-11
   1.06309988161104e-02   9.57278931829003e-03   4.10932319308249e-04   5.77824519036946e-07  -2.49986627588485e-08   3.40635545715940e-09
   9.45530584509718e-03   8.51246237906520e-03   3.63258207297666e-04   5.25448288302141e-07  -3.89880555179123e-08  -5.36138959538455e-09
   8.27766828227344e-03   7.45095997224003e-03   3.16285354737468e-04   4.54008119394477e-07  -4.13353721526495e-08   6.65321771177004e-10
   7.09836575549388e-03   6.38843756302894e-03   2.69955186027855e-04   3.73433743164128e-07  -4.10504560770522e-08  -3.29179847327265e-09
   5.91756336162895e-03   5.32502949999368e-03   2.24148282012381e-04   3.10298935136933e-07  -2.17602316221905e-08  -4.75077127000525e-10
   4.73553379976869e-03   4.26090436209383e-03   1.78797139067699e-04   2.55303951472651e-07   2.02746009598211e-08  -1.51349201373812e-09
   3.55253449938528e-03   3.19619317283018e-03   1.33795389853593e-04   1.95273848846006e-07   1.79692330673933e-08  -2.27532924216314e-09
   2.36877598895664e-03   2.13104566661321e-03   8.90539042268895e-05   1.23093718092039e-07   1.70450653360119e-08   4.13188465341188e-09
   1.18451471639200e-03   1.06561328485341e-03   4.44986106505185e-05   6.20652820840894e-08   2.30711100049539e-08  -1.23854632611353e-09
