ARMA_MAT_TXT_FN008
300 6
   3.80959121795336e+03   3.86382581306505e+03   3.56200166812565e+03   3.84213586103457e+03   3.83116371273279e+03   3.58265847673312e+03
   1.46689442715098e+03   1.44134751268098e+03   1.34175291087440e+03   1.37079667022769e+03   1.09821708866038e+03   1.27580945633083e+03
   4.95564302606108e+03   4.95569488316671e+03   4.90029247212669e+03   4.86539003872537e+03   4.90107836931367e+03   5.10636549092379e+03
   2.06671347893876e+02   1.85297702410430e+02   1.97165115445532e+02   2.58312367936666e+02   1.58944142263499e+02   2.54717500663566e+02
   5.54389911775912e+03   5.54395110816063e+03   5.53375826887027e+03   5.47995403495838e+03   5.40845705358980e+03   5.54042013094825e+03
   2.23190556140981e+03   2.26057021820018e+03   2.17621557084540e+03   2.26591698404458e+03   2.11144228394076e+03   2.01412122849965e+03
   4.30323308196212e+03   4.32779066614284e+03   4.32908668301011e+03   4.52295573151420e+03   4.42178999441448e+03   3.06628742167363e+03
   7.14491460702407e+02   7.14543286100361e+02   6.21333656705488e+02   7.19894696843371e+02   6.78806170550222e+02   7.42859700615467e+02
   5.14502917846269e+03   5.16079908419888e+03   5.20769710488385e+03   5.33419502464896e+03   5.22773931100130e+03   4.33421251899397e+03
   1.73038289305848e+03   1.67671462344078e+03   1.65133219825195e+03   1.78996699604098e+03   1.64506122012511e+03   1.74428374257046e+01
   3.33365335993692e+03   3.33370520329824e+03   3.27760437535793e+03   2.96291328702291e+03   3.18245161890965e+03   2.61606464262190e+03
   3.95430058641475e+01   3.48856319781796e+01   1.71584424783811e+01   2.81470551446051e+01   7.90860066503921e+00   5.37469765687511e+03
   5.59268141064691e+03   5.58919367695996e+03   5.39945759608808e+03   5.55448215385185e+03   5.56895129819711e+03   4.31719062331349e+02
   2.57842634954282e+03   2.52033924588890e+03   2.57977422606940e+03   2.70036263194684e+03   2.68740684925941e+03   4.00697363959441e+03
   4.58572164274186e+03   4.63024376189020e+03   4.51890876945694e+03   4.02883598750260e+03   4.09718588512319e+03   1.78054322131568e+03
   3.30519334358348e+02   3.44456799992976e+02   2.91827956731604e+02   3.63967430133522e+02   3.12372111743040e+02   4.88516356692125e+03
   4.77942298521602e+03   4.77947483875441e+03   4.78077082130186e+03   5.10173673937882e+03   5.11778702002708e+03   9.63939470588005e+01
   1.14640984842057e+03   1.17010915518482e+03   1.10100469987229e+03   1.05904448137564e+03   9.63648708637611e+02   3.26688448277174e+03
   3.61663349812008e+03   3.58873861257965e+03   3.81093909321421e+03   3.31038000448402e+03   3.38385102848063e+03   1.16287664550741e+03
   1.11005021216316e+02   1.11056767063503e+02   8.93120614823648e+01   7.30445662937880e+01   7.89342817299043e+01   5.51416270365468e+03
   5.40867461983797e+03   5.38731424316482e+03   5.58202122658209e+03   5.41404782182003e+03   5.47819003796003e+03   5.68415096451382e+02
   2.40439645780333e+03   2.40444829780338e+03   2.34804282536424e+03   2.40979489068301e+03   2.42600393857433e+03   4.59401509851983e+03
   3.94416917937729e+03   3.97077336214203e+03   3.99849385944013e+03   4.65752285542088e+03   4.58472580107179e+03   2.26685188620248e+03
   4.64973314583079e+02   4.81256956549015e+02   4.82553041533546e+02   6.07192328183421e+02   5.70379382638383e+02   5.58512211061458e+03
   5.23544105974233e+03   5.31634318711521e+03   5.35437760576680e+03   5.59030458109108e+03   5.59182236172556e+03   5.67866818469988e+01
   8.56263601411263e+02   8.56315429824870e+02   8.78728178434081e+02   1.49803789269292e+03   1.48853146156189e+03   3.92316206834193e+03
   2.92837074776168e+03   2.92842258965648e+03   2.92971862528855e+03   3.56605085837154e+03   3.58223389287121e+03   1.40666935310871e+03
   2.29225037988346e+02   2.52949000749586e+02   3.89006372898283e+02   2.95892717873857e+02   2.28695255164210e+02   4.97622669360630e+03
   5.50586632589487e+03   5.48290513493861e+03   5.48420000108460e+03   5.26885475186105e+03   3.91226217294587e+03   1.75641335667870e+02
   1.97753174250579e+03   1.94972533240304e+03   1.97887961616220e+03   2.01087819231110e+03   7.95627605777872e+02   4.11760332272290e+03
   4.69539353251540e+03   4.69544538479137e+03   4.63153976049076e+03   4.25912774290847e+03   1.91585797960772e+03   1.87127026341972e+03
   7.99636966855558e+00   4.34850687658450e+00   7.38060647168049e+00   1.00797335292291e+02   5.32480908161407e+03   5.28515323161042e+03
   5.04541054753554e+03   5.06268871843082e+03   5.02928706274200e+03   4.92346805534301e+03   3.55633631840959e+01   3.92503809973774e+02
   1.26639332858970e+03   1.26644516224673e+03   1.57205801737522e+03   8.20069087419667e+02   2.83327866856333e+03   2.89564603666189e+03
   3.44772062286285e+03   3.44777246666395e+03   3.47741583815484e+03   3.16625892838305e+03   1.23953186495580e+03   9.54020467971635e+02
   2.63173562315149e+01   4.46034432806064e+01   6.89243826699146e+01   8.02978152587107e+00   5.38595658276662e+03   5.44049591030228e+03
   5.57114832182072e+03   5.56332366035761e+03   5.59043136789894e+03   5.53154864479020e+03   4.09470595404491e+02   6.65512776798523e+02
   2.69496452830649e+03   2.72418663103243e+03   2.75466086206792e+03   2.49665989218007e+03   4.27528585825313e+03   4.46582031313177e+03
   4.12725009617091e+03   4.17834889479129e+03   4.23008996271249e+03   4.40564013382218e+03   2.25351725913570e+03   2.53380708251552e+03
   7.94190917141917e+02   7.73985169261968e+02   7.35429321837215e+02   5.36812225897095e+02   5.53351450106830e+03   5.62374471886645e+03
   5.34106060117236e+03   5.27713399834356e+03   5.23678874089596e+03   5.58290071378743e+03   1.10650829460630e+02   3.70442308057823e+01
   1.03092016302502e+03   1.00844120389257e+03   9.65262567290400e+02   1.24745312191945e+03   3.66606862352788e+03   3.41054185185820e+03
   3.10291334501637e+03   3.07393961333537e+03   3.10426122276119e+03   3.50973846598602e+03   6.23515937134974e+02   1.51814378355654e+03
   4.33273383574268e+02   4.17860540555568e+02   4.50343391753246e+02   1.70383353837112e+02   4.75934590390847e+03   5.18842189463178e+03
   5.58552736489231e+03   5.51978520657032e+03   5.56022306063618e+03   5.15041776751109e+03   2.36587538909941e+01   1.36030105146333e+02
   2.06162987247666e+03   2.08987870435552e+03   2.06297774658986e+03   1.60240473482696e+03   4.17440633510689e+03   4.76693300419033e+03
   4.40024486839648e+03   4.42411957191011e+03   4.71806474686967e+03   9.69316264538922e+02   1.77904420456182e+03   2.18934390613004e+03
   1.55243457390898e+02   1.55295227800949e+02   1.38026536174456e+02   3.94956561487032e+03   5.16644994141982e+03   5.56435106815269e+03
   4.91807588229612e+03   4.91812773850391e+03   5.11417512387002e+03   2.23006347242045e+00   3.38767710698182e+02   3.13867646762016e+02
   1.49263806056027e+03   1.54460058291658e+03   1.46824229814662e+03   2.87543943493735e+03   2.94996634274733e+03   3.15212047704917e+03
   3.72749720465900e+03   3.72754904963661e+03   3.36361353373118e+03   1.17545803994059e+03   1.41218468571328e+03   1.03023741267499e+03
   1.58003090236024e+01   1.03475085426089e+01   4.59021521486641e+01   5.38150937652917e+03   5.58220187412672e+03   5.33979848243309e+03
   5.46604592818900e+03   5.44812694924077e+03   5.44000289802254e+03   4.38680811170658e+02   9.20383878750819e+02   8.19908884470526e+02
   2.46226901500946e+03   2.46232085522838e+03   2.66715325474911e+03   4.47657409212048e+03   4.65171853688295e+03   4.28070925438321e+03
   4.02343971211045e+03   4.02349155857994e+03   4.40159273108652e+03   2.12349967497330e+03   2.57094750027182e+03   2.42558204637232e+03
   5.48636628524410e+02   5.83880923736739e+02   6.77341969649173e+02   5.45344109411223e+03   5.51160346121522e+03   5.55271121320762e+03
   5.26347000892323e+03   5.20640126689890e+03   5.57248798103368e+03   1.33263530314447e+02   5.96111367326601e+01   7.65803742168009e+01
   1.09965682927628e+03   1.07660820795535e+03   1.17140519288637e+03   3.67765295100062e+03   3.29784400550790e+03   3.66838904568688e+03
   2.84086338442942e+03   2.84091522601525e+03   3.01709716588842e+03   6.43824779369776e+02   1.72509069850732e+03   1.61292816596214e+03
   2.77677568404324e+02   2.29276829583401e+02   2.66497524948939e+02   4.80528930302160e+03   5.01374009617779e+03   5.06389070493473e+03
   5.52622180940088e+03   5.58074156218145e+03   5.27842976420409e+03   4.03788951450111e+01   1.97067556681776e+02   2.34969646127378e+02
   1.86666461677356e+03   1.83924549751174e+03   1.86801248981694e+03   4.15824340763104e+03   4.80093237229399e+03   4.69382457524544e+03
   4.51756091225931e+03   4.54052377024037e+03   4.12859796684191e+03   1.87206376119383e+03   2.19648085586811e+03   1.91804739883471e+03
   7.40751099288024e+01   8.09231055129029e+01   1.25001661527398e+00   5.19679635765800e+03   5.55841498045325e+03   5.63549780518938e+03
   4.99226947892328e+03   5.09639896602064e+03   4.86134513059199e+03   2.23225962774643e+02   4.86746069146256e+02   5.29448650140524e+02
   1.39054396705037e+03   1.36544836857874e+03   1.62477867858207e+03   3.05022974341343e+03   3.03734290836285e+03   3.00923183855392e+03
   3.64449093642139e+03   3.78238474116156e+03   3.70127368537019e+03   1.44669562671898e+03   1.05258471640859e+03   1.20059908337189e+03
   2.89647759806219e+00   2.25618242687140e+01   3.45752937211031e+02   5.57632885296222e+03   5.28482105702226e+03   5.22792544362669e+03
   5.55418702001024e+03   5.57120044487845e+03   5.51429405670969e+03   8.61665772112566e+02   5.36177509263052e+02   6.84877261999324e+02
   2.75331298495909e+03   2.66585721887686e+03   1.24340050869218e+03   4.35747321752786e+03   4.37362598492530e+03   4.06245965144336e+03
   4.22874209441542e+03   4.22879394216959e+03   3.91883974344489e+03   2.58382458326229e+03   2.31079989867642e+03   2.72700342280031e+03
   6.38420776810356e+02   6.57142717231615e+02   1.56591684327710e+02   5.59327004727599e+03   5.59657237907067e+03   5.60292996999252e+03
   5.17620772316885e+03   5.34111248021854e+03   5.31763889413802e+03   1.40269343634977e+01   4.05764277739981e+00   1.16213076131695e+02
   9.20238664445930e+02   9.20290493944475e+02   2.26186625390316e+03   3.36766298936813e+03   3.44088630580240e+03   3.52536052355146e+03
   3.21865079391347e+03   3.18982931006259e+03   8.22202861363042e+01   1.70886269710928e+03   1.33721690736131e+03   1.44388017435075e+03
   3.58557761581195e+02   3.73027912337919e+02   4.56454084307635e+03   5.01561599555933e+03   4.97712210787066e+03   4.93110410951940e+03
   5.38726235675979e+03   5.40872651076082e+03   8.16014516773342e+02   1.16444864837489e+02   1.33442815375859e+02   1.55840492527193e+02
   2.20335429716526e+03   2.20340613636827e+03   2.81302833860586e+03   4.74322479891512e+03   4.51600088140348e+03   4.56866975063086e+03
   4.63019191046183e+03   4.73788298632465e+03   1.78591559273744e+03   2.09522568957740e+03   1.99915031608403e+03   2.11322735239706e+03
   1.27829582190610e+02   2.06723134508963e+02   5.06398463638138e+03   5.51121013390730e+03   5.42982152554310e+03   5.67476873025450e+03
   4.85999730529886e+03   4.86004916028033e+03   2.30573083329937e+02   4.70380012544487e+02   2.62880532902532e+02   3.53219533858473e+02
   1.62343080685447e+03   1.62348264317759e+03   3.61798137480486e+03   3.10831099148162e+03   3.21136705421915e+03   3.32434118504056e+03
   3.39081637100460e+03   3.39086821458410e+03   1.00973724425998e+03   1.12834305104875e+03   8.77946459943427e+02   1.08719869307170e+03
   4.98599748644945e+01   1.02039358151478e+00   5.59267012006112e+03   5.29580745821577e+03   5.31175172773462e+03   5.40829149000622e+03
   5.57781289457181e+03   5.59270454040857e+03   5.67459262735950e+02   7.79336084658657e+02   7.16835973755352e+02   8.77498739690176e+02
   2.28918963241213e+03   2.31796803883234e+03   4.27991112168515e+03   4.30862865841718e+03   4.01871164195031e+03   4.19961764780058e+03
   3.99714598645683e+03   4.07567533217455e+03   2.49260943587385e+03   2.32331473459839e+03   2.77491249583767e+03   2.56112879218253e+03
   5.31406770750652e+02   5.31458590154136e+02   5.46739290302878e+03   5.54361626461208e+03   5.54659089532959e+03   5.71916104477870e+03
   5.31629131109312e+03   5.24964101841681e+03   1.16622080293479e+01   5.00619669390121e+01   1.57510785403621e+01   2.94166925628556e+02
   9.63914695676011e+02   1.05369515374628e+03   3.24882606190512e+03   3.76036400284621e+03   3.74907236185221e+03   3.81046845107646e+03
   3.01574928822481e+03   3.01580113042879e+03   1.39189183776148e+03   1.32097247724220e+03   1.54015849836474e+03   1.67331903066386e+03
   2.90479978069552e+02   3.03607164492939e+02   5.14637692160386e+03   5.05080107668339e+03   5.04940061722239e+03   5.14788846663658e+03
   5.48285321674026e+03   5.49854142596889e+03   3.17774601181596e+01   1.90668007705978e+02   9.06495121848061e+01   1.95430671935474e+02
   1.89423691214694e+03   1.75747052447737e+03   4.76008175811389e+03   4.61344983380490e+03   4.46925519465175e+03   4.79095046813125e+03
   4.47117908588513e+03   4.49451431199988e+03   2.11944876297779e+03   1.92730660322085e+03   1.86081645992974e+03   2.06331738009034e+03
   8.79632898466368e+01   6.76268610380804e+01   5.54524390345073e+03   5.42432606566546e+03   5.46909823103248e+03   5.73499939451930e+03
   5.09634710450540e+03   5.01027679884973e+03   5.15771571802756e+02   2.70563819360966e+02   3.80389220182825e+02   4.70864210585058e+02
   1.34040504031108e+03   1.31562404196573e+03   3.16220922723692e+03   3.22404830423975e+03   3.00823699357968e+03   3.12348081502309e+03
   3.75496723109387e+03   3.64454278103167e+03   1.05499119318975e+03   1.01379073000057e+03   1.19171105050772e+03   1.35070525482921e+03
   1.02963243895359e+01   1.58516729664861e+01   5.29177163609783e+03   5.18159551320295e+03   5.21280728335859e+03   5.47120670485132e+03
   5.59151896107041e+03   5.54924519349372e+03   6.58438774998357e+02   5.54041811115930e+02   5.02971250544614e+02   6.07309000537553e+02
   2.52028740545422e+03   2.60758495539927e+03   4.05094770055057e+03   3.89608902871053e+03   3.96573688941280e+03   4.38723787217438e+03
   4.35207779202271e+03   4.27861510289314e+03   2.40574433361598e+03   2.75871102391448e+03   2.51286700589254e+03   2.78294835415828e+03
   7.53896124270927e+02   6.76045913628237e+02   5.42030171141254e+03   5.56850905554336e+03   5.49549064626283e+03   5.64796271305881e+03
   5.22102728608710e+03   5.17625958834604e+03   1.12353515590056e+02   4.13421184605833e+00   1.18165756182362e+01   2.15207114177601e+02
   1.21788132183721e+03   1.21793315503573e+03   3.83808710262397e+03   3.62203048436572e+03   3.61026607687037e+03   3.72535861029141e+03
   3.27625649764060e+03   3.24753002720394e+03   1.29224861201604e+03   1.54994846776614e+03   1.28804086746782e+03   1.55547273802346e+03
   3.87658446437756e+02   4.49047298267758e+02   4.99361727802480e+03   4.96103478243253e+03   4.92043511599278e+03   5.02049977370041e+03
   5.42894847867916e+03   5.46609783773155e+03   4.31283071946944e+00   8.63282224212340e+01   1.50146351931102e+02   2.74450083848040e+02
   2.03351298057529e+03   2.06168171107233e+03   4.47252694545577e+03   4.54586664091659e+03   4.71691330133955e+03   4.83843571446008e+03
   4.73783113343805e+03   4.58577349364629e+03   1.92325541605078e+03   1.95507251391403e+03   2.05512995417898e+03   2.31923905700848e+03
   1.74959229558432e+02   1.36729984583753e+02   5.58684738342408e+03   5.49617019841855e+03   5.58911691343626e+03   5.78551959109175e+03
   4.89894465323777e+03   4.82020281407847e+03   3.18250257174982e+02   3.49815197478027e+02   4.55060565804254e+02   8.00674654122356e+02
   1.57071014591051e+03   1.51857560937574e+03   2.90055958317570e+03   2.90460958279444e+03   3.24023969342394e+03   3.43926578107133e+03
   3.53253762084755e+03   3.53258946498852e+03   9.21586536657279e+02   9.04108017166241e+02   1.00772206537637e+03   1.10614722654867e+03
   3.48340455939267e+01   8.04742465277485e+00   5.38860977590360e+03   5.35840938089457e+03   5.36233126203291e+03   5.35740657545226e+03
   5.56327159716777e+03   5.58557983538652e+03   5.85176989970601e+02   5.89233778677183e+02   7.55782130701219e+02   5.48940907944163e+02
   2.43331292963304e+03   2.37557458933276e+03   4.10285571915635e+03   4.10690395170554e+03   4.22515262576260e+03   4.43975812000514e+03
   3.89069249219758e+03   3.91754371526025e+03   2.60888099127904e+03   2.52568570486739e+03   2.62913590050760e+03   2.67136589673759e+03
   6.01787887049842e+02   6.20037595025234e+02   5.57597020256712e+03   5.59202251641565e+03   5.57814199468286e+03   5.76818256924425e+03
   5.36472106387533e+03   5.30354609349103e+03   5.12099481461081e+01   1.87398599660522e+01   4.74897291455675e+01   4.12120137856725e+02
   8.77380305461225e+02   9.63966525841522e+02   3.42065027177623e+03   3.42469965397565e+03   3.49765037743907e+03   3.86693891302101e+03
   2.89921170570517e+03   2.87009336707255e+03   1.51987164495130e+03   1.65538383889994e+03   1.67161371977958e+03   1.82541161577204e+03
   2.40921942816899e+02   2.40973736656444e+02   5.01157273462483e+03   4.88497697886980e+03   4.84165453524080e+03   5.32188178068793e+03
   5.51973325748414e+03   5.57468455560534e+03   1.86594052675634e+02   1.51245704260640e+02   6.85926431151506e+01   3.33551935984374e+02
   1.81182703410929e+03   1.89428874995869e+03   4.67521118857976e+03   4.70078746315814e+03   4.62958418605195e+03   4.64424118958528e+03
   4.54047191983107e+03   4.37629920222769e+03   1.84054153286858e+03   2.06702873444730e+03   1.97129288606817e+03   2.24086863077834e+03
   1.03030908755115e+02   9.54017904875751e+01   5.49983603543610e+03   5.46256924799023e+03   5.48698801446518e+03   5.85984328008911e+03
   5.02793927342001e+03   5.07966818835989e+03   4.03951118124411e+02   4.08011441662319e+02   3.25433675783250e+02   9.15797552509223e+02
   1.41584460015396e+03   1.41589643505830e+03   3.07523564864872e+03   3.28165393818247e+03   2.89163842826866e+03   3.55402164110351e+03
   3.86377396744117e+03   3.69997765405999e+03   8.57611474835775e+02   1.08195744121352e+03   1.12131571252679e+03   1.48102019516889e+03
   9.69890957763666e-01   3.04769233660106e+01   5.16209495439806e+03   5.24082694483505e+03   5.13426122420541e+03   5.48596135978984e+03
   5.58326098962974e+03   5.51299978428046e+03   7.75281218270062e+02   7.00531721431872e+02   6.41709368224143e+02   7.04223276006751e+02
   2.60753311464546e+03   2.78254777649990e+03   3.94551705311410e+03   4.20899204314741e+03   4.30011573587276e+03   4.14503830946762e+03
   4.17829704737865e+03   4.12730194325704e+03   2.52163528175594e+03   2.67120351395674e+03   2.45491972769474e+03   2.95234202456595e+03
   6.75994089244553e+02   7.34133270334167e+02   5.55553076692696e+03   5.51828672056433e+03   5.54020752999027e+03   5.82168129170187e+03
   5.19140900250639e+03   5.12910717591189e+03   2.38645961023232e+01   5.53571999199934e+01   3.15917975654696e+01   3.72870221099270e+02
   1.19388201191350e+03   1.12299399756145e+03   3.67360392470350e+03   3.81498789836485e+03   3.72150182354096e+03   3.95117240911325e+03
   3.16086134947132e+03   3.13195743324603e+03   1.70481115426079e+03   1.39594403923685e+03   1.51427392628769e+03   1.71529202270462e+03
   4.48995482991630e+02   3.58609570361664e+02   4.82149879084016e+03   5.08500627574795e+03   5.08408801063083e+03   5.57521960526772e+03
   5.37613223414048e+03   5.42900037484309e+03   5.68166456771654e+01   9.99711205310378e+00   1.77422666472546e+02   4.90410220502663e+02
   2.14644886137998e+03   2.14650070034418e+03   4.54181977574380e+03   4.45310841586354e+03   4.39779403489508e+03   4.95376959478730e+03
   4.67386334200427e+03   4.67391519398915e+03   2.03486085453697e+03   1.76281800873770e+03   1.80619231482096e+03   2.47947467520407e+03
   1.45816509746034e+02   1.65009821609971e+02   5.52756758709002e+03   5.58570695950017e+03   5.60353143282026e+03   5.94236110873237e+03
   4.82015095984335e+03   4.87963627966091e+03   2.42269971936836e+02   3.22313684687486e+02   4.24406532664237e+02   9.34918516271941e+02
   1.67666278679778e+03   1.73043473000927e+03   3.33500123758097e+03   3.02114703444152e+03   3.09548006155259e+03   3.23816961433008e+03
   3.56065379115944e+03   3.50439316422324e+03   1.19522988230694e+03   9.25640460849053e+02   8.99060576513279e+02   1.31329682035739e+03
   4.29783611901590e+00   7.41268157014765e+01   5.34240813905743e+03   5.30887694403230e+03   5.25681270269080e+03   5.68903170047672e+03
   5.58914082443201e+03   5.59157279036344e+03   4.99037090249072e+02   5.03095235028574e+02   6.60140119149336e+02   7.62150019994519e+02
   2.34669494981355e+03   2.28924147196309e+03   4.25507989145649e+03   4.00254231642608e+03   4.04500430655119e+03   4.71836648087890e+03
   4.10150784796925e+03   3.94422102541301e+03   2.69631240523775e+03   2.35209345078588e+03   2.54189218172384e+03   2.83917204539920e+03
   5.83829102267555e+02   5.48688448646573e+02   5.59330835323343e+03   5.55946191732858e+03   5.55266134615545e+03   5.90004779678461e+03
   5.29042401494732e+03   5.36477294635540e+03   3.61854146674776e+01   6.68494644118816e+01   1.97003502532643e+01   4.51300457409781e+02
   9.86053406446308e+02   8.35410116174963e+02   3.50568919739601e+03   3.45311784506607e+03   3.41240101694345e+03   3.97911073077148e+03
   2.98664271293979e+03   3.04488387257035e+03   1.41719247095240e+03   1.52392354947070e+03   1.36204837740912e+03   1.96568209357553e+03
   2.65149523612923e+02   2.77729368157281e+02   4.93832383819071e+03   4.82554402930302e+03   4.86168592462115e+03   5.20830504337722e+03
   5.53830542808540e+03   5.50591826065307e+03   1.66306238548727e+02   2.12090737343181e+02   1.03668290775297e+02   5.87871148377197e+02
   1.75741868737714e+03   1.81187887150151e+03   4.42541558433008e+03   4.63558620388156e+03   4.69538547769098e+03   5.12724825963877e+03
   4.42406772262519e+03   4.47123093560202e+03   1.75876655981725e+03   2.20875297368864e+03   2.16806276473772e+03   2.37215977137662e+03
   6.13722396394880e+01   1.90560274461070e+01   5.41002196030022e+03   5.39263829258300e+03   5.44007430873371e+03   6.03370335101578e+03
   5.07961632748138e+03   4.99232133699796e+03   4.19156644041068e+02   3.78385267097515e+02   2.51203657977948e+02   1.04924375017697e+03
   1.31557220787252e+03   1.65003616287181e+03   2.87138940279167e+03   3.13730320343425e+03   3.12450496588634e+03   3.69689452060346e+03
   3.69992580920628e+03   3.80964306331305e+03   9.87401277816677e+02   1.22328188109729e+03   1.16806524209800e+03   1.65283617373593e+03
   2.25103452723728e+01   1.83978401053030e+00   5.19275671801505e+03   5.13444426958116e+03   5.35010031927142e+03   5.59403872849532e+03
   5.49081817736358e+03   5.55423904117143e+03   6.96476185462961e+02   7.39484508987375e+02   5.87848987403207e+02   8.39124335524285e+02
   2.78249593512040e+03   2.63671235593875e+03   4.17964491692731e+03   4.28395890354095e+03   4.14881019708626e+03   4.51753175660363e+03
   4.27856325478256e+03   4.20364803666231e+03   2.29053750769085e+03   2.72953286114381e+03   2.74573495320331e+03   3.20946834705876e+03
   7.73933342478845e+02   7.94242744354033e+02   5.47594238196992e+03   5.59468686858800e+03   5.59976712059302e+03   6.05803161629340e+03
   5.24958914855238e+03   5.23549292856831e+03   2.19202293565436e+00   6.07331943362495e+00   4.35124196756963e+01   5.09938395105778e+02
   1.07655637629186e+03   9.86105236929916e+02   3.75631510683763e+03   3.64988788121278e+03   3.85831080225096e+03   4.30751892807884e+03
   3.30498259933875e+03   3.21870263684731e+03   1.54589661843682e+03   1.27179373875099e+03   1.59234266644540e+03   2.08818570379400e+03
   3.44404992509382e+02   4.02655008985151e+02   5.09769487008301e+03   4.99766077892144e+03   5.15048279551008e+03   5.45604556481489e+03
   5.44807504694388e+03   5.41900631009278e+03   1.04379482258918e+02   1.08474245837139e+02   2.07323546177769e+02   6.26728593282164e+02
   2.08982686563541e+03   2.00553109102993e+03   4.60940327948573e+03   4.49985737631348e+03   4.49271925917472e+03   4.81478592055625e+03
   4.60805542786513e+03   4.56324483917168e+03   2.20470217201971e+03   1.84459284743723e+03   1.83345072328671e+03   2.64367142174332e+03
   1.95817009469499e+02   2.17859549235805e+02   5.53965060329283e+03   5.53773219560343e+03   5.51921018531641e+03   5.96433590063715e+03
   4.93697602650915e+03   4.79994792945877e+03   2.79025557836361e+02   2.46338041225119e+02   3.66247046236347e+02   1.18174760568349e+03
   1.51852377373181e+03   1.29095257543787e+03   3.19112534499898e+03   2.81707843564664e+03   2.97911041392983e+03   3.49667855283378e+03
   3.47606796085592e+03   3.41935423799942e+03   1.14775771887687e+03   1.03632141930825e+03   9.85585515112024e+02   1.36937978595276e+03
   4.45518100940685e+01   5.55186418007728e+01   5.30484182173793e+03   5.34644084399984e+03   5.19761391429640e+03   5.84051018097130e+03
   5.56736121307295e+03   5.58754026947936e+03   5.32754664672238e+02   5.19829417313588e+02   8.36354980556616e+02   9.92167186339403e+02
   2.49126155968967e+03   2.49131340001684e+03   3.89204036660198e+03   3.97611789928290e+03   3.93906057478460e+03   5.26635550376951e+03
   4.04959982841394e+03   4.10155969489658e+03   2.78384381231135e+03   2.43871132883679e+03   2.33952576002734e+03   3.03774065854134e+03
   4.97689191165495e+02   4.65025130763890e+02   5.58458811513484e+03   5.57977264197336e+03   5.61278583504434e+03   6.13493902711524e+03
   5.32881389440170e+03   5.35308197432357e+03   1.42588569882680e+01   3.19157222202625e+01   2.76231924143344e+01   6.46129870015980e+02
   8.35358288148223e+02   8.77432134248159e+02   3.39216424854006e+03   3.53793472763261e+03   3.52592297533482e+03   4.22675522476263e+03
   2.81168046133778e+03   3.10296518753105e+03   1.26774119900957e+03   1.62883036969260e+03   1.43748405970488e+03   1.75850674467187e+03
   3.16902297122912e+02   4.97741009031734e+02   4.88093224646985e+03   4.90433702118673e+03   4.93956271320233e+03   5.70383459265243e+03
   5.59223583982953e+03   5.55893205479251e+03   1.29177948025323e+02   1.42109670802048e+02   1.25541220749050e+02   1.23824344873774e+03
   1.83919365997741e+03   2.17491953522085e+03   4.44906118119313e+03   4.76412744482074e+03   4.78024604916721e+03   4.66911497072859e+03
   4.49446246205830e+03   4.75878577289851e+03   1.89558478534311e+03   2.18026640886121e+03   2.22496672184517e+03   2.92396804456206e+03
   8.08713899029352e+01   1.19323293200334e+02   5.44942217156452e+03   5.44402380183773e+03   5.45003894945683e+03   6.21833457286283e+03
   5.06263685816157e+03   5.11287922745168e+03   3.59905699629220e+02   4.86611501653435e+02   2.87072424756017e+02   7.23550770976496e+02
   1.44129567758559e+03   1.49268989602538e+03   2.98799059056361e+03   3.25287565975888e+03   3.32656940220261e+03   3.78214898478510e+03
   3.67225604835224e+03   3.30503444259230e+03   1.03226803400312e+03   8.82782346681586e+02   8.57043833903849e+02   2.16381114320387e+03
   1.78960954949098e+00   3.95946174577612e+01   5.25093681642001e+03   5.22641369101195e+03   5.29842187852703e+03   5.50028844459445e+03
   5.53241276713389e+03   5.45725735981625e+03   7.55244000818159e+02   6.81397691623608e+02   5.19449003246798e+02   7.81421685386195e+02
   2.66580537791306e+03   2.69501636937469e+03   4.35342565653311e+03   4.18369296629173e+03   4.32478417282611e+03   5.08524480179531e+03
   4.20359618908034e+03   4.40029671747366e+03   2.43466080557261e+03   2.61293131571002e+03   2.65826264268780e+03   2.50658779615750e+03
   6.95128306161219e+02   6.38472600099003e+02   5.59174147292080e+03   5.48820867764732e+03   5.58587514561523e+03   6.00999058629215e+03
   5.12905531303463e+03   5.53246473427759e+03   3.18243678326196e+00   4.50687724461635e+01   7.35872459438512e+01   1.12507642026646e+03
   1.12294216535772e+03   1.19393384487305e+03   3.78368077144171e+03   3.73289402082245e+03   3.69383290577930e+03   4.41356283629296e+03
   3.07388777092450e+03   2.95756731712717e+03   1.73173076535141e+03   1.47229431706069e+03   1.56618235704260e+03   1.98980418371769e+03
   4.02603196706264e+02   2.90531779557266e+02   4.95699083380222e+03   4.97946637995307e+03   4.99554979096660e+03   6.18975855856318e+03
   5.41895441664934e+03   5.26352187988315e+03   4.08938040232113e+01   2.15541439978553e+01   2.17866595487613e+02   1.59349169901908e+03
   2.17486769613638e+03   1.92195938064859e+03   4.73917897407075e+03   4.38164270001242e+03   4.56200666158798e+03   5.24727753657457e+03
   4.75873391969147e+03   4.35212964069919e+03   2.09117473989965e+03   1.98293072180924e+03   1.94352776553344e+03   3.35307610878769e+03
   1.85245921544436e+02   4.75002763294659e-01   5.50721271347227e+03   5.56413801173475e+03   5.61842858500413e+03   6.34148427394705e+03
   4.84018543082049e+03   4.93702788315705e+03   2.19155823431773e+02   3.08967401903256e+02   3.94797609947288e+02   8.96657614310052e+02
   1.64998432638734e+03   1.59705695671324e+03   3.21999867167021e+03   2.93376859230371e+03   3.06642498718805e+03   3.83873289498081e+03
   3.41930239430937e+03   3.61668534261138e+03   1.12429003587340e+03   1.15181064868991e+03   1.26370165773679e+03   2.34563474030796e+03
   1.90046000081601e+01   3.30571140470223e+02   5.36606854785853e+03   5.37009932036118e+03   5.39734812490340e+03   5.92093577452143e+03
   5.58748764409793e+03   5.59229078704456e+03   6.03135773020748e+02   6.25389989059937e+02   7.36195563695577e+02   8.58320967107790e+02
   2.31791619916764e+03   1.24210447172595e+03   4.07697135707783e+03   4.08101964773674e+03   4.07116333794827e+03   5.39166261369292e+03
   3.91749186936401e+03   3.99719783277901e+03   2.55069126686759e+03   2.29458820260505e+03   2.36830381157062e+03   2.81102713751380e+03
   6.19985772319071e+02   1.27881339199625e+02   5.57914823169314e+03   5.59943574013086e+03   5.57371992226651e+03   6.37478051567554e+03
   5.30349421884758e+03   5.39816210292218e+03   7.54241527367988e+01   7.95377771814247e+01   3.95370736812506e+01   1.21943104293841e+03
   1.00838937310061e+03   2.03356481904511e+03   3.59003464503816e+03   3.48146514510880e+03   3.55411850453710e+03   4.54317415345320e+03
   2.95751547512937e+03   8.80150142500826e+01   1.44264354847917e+03   1.68206225004554e+03   1.31254684106309e+03   1.73675173734690e+03
   2.52897204810225e+02   4.51761276243180e+03   4.84153325904742e+03   4.84557833573549e+03   4.88149459140554e+03   5.80335207870215e+03
   5.57463239243366e+03   8.14718469913522e+02   2.08019431399916e+02   1.80382852401481e+02   5.14741149275678e+01   1.42528446433430e+03
   1.94967349432220e+03   2.98669455504059e+03   4.37759521697792e+03   4.72211070470336e+03   4.44561124689534e+03   4.90823414856276e+03
   4.37624735335356e+03   1.78461955739582e+03   1.95102136782532e+03   1.81722626538095e+03   2.08324606312279e+03   3.46797916052441e+03
   1.19271541512575e+02   5.02799113254632e+03   5.43029572272980e+03   5.43431843028755e+03   5.45971405846834e+03   6.44493794113478e+03
   5.01022494026002e+03   1.75011007209540e+02   4.34621296180987e+02   4.23216551683594e+02   2.39808087179094e+02   9.73103370323282e+02
   1.29090074156012e+03   3.75501907619676e+03   2.84221126176983e+03   3.07928545083099e+03   3.26906639077296e+03   4.03475774341403e+03
   3.83673922763046e+03   1.09970866121386e+03   8.36706162075744e+02   9.47377332481463e+02   1.14459927659964e+03   2.39881018055036e+03
   4.20213124333558e-01   5.58331334905987e+03   5.17755544854955e+03   5.25497448061091e+03   5.24240833118733e+03   6.10862387223902e+03
   5.49848949729765e+03   6.01839709150073e+02   6.39768659748104e+02   7.99593507812506e+02   6.97705478321735e+02   1.01121187929148e+03
   2.72413478986008e+03   4.15289927278644e+03   4.20494405802030e+03   4.33313431972922e+03   4.19985473597616e+03   5.61282354218493e+03
   4.25373202383777e+03   2.34674678959093e+03   2.31926407458351e+03   2.64205868359202e+03   2.71656534501873e+03   3.09486863603186e+03
   8.14666642286796e+02   5.47464741015811e+03   5.56461377128561e+03   5.58818129914301e+03   5.52651458095018e+03   5.98687389519168e+03
   5.27708212622507e+03   6.04808349780502e+00   9.36914679960265e+00   1.19807710608962e+01   1.68036812128980e+02   1.53675772667159e+03
   8.98706100628824e+02   3.36231749960684e+03   3.72884508062056e+03   3.78772962244548e+03   3.80390629404046e+03   4.25378688989288e+03
   3.18977746723417e+03   1.39059580175898e+03   1.59835299214894e+03   1.34580524216997e+03   1.69829118153485e+03   2.13843741769777e+03
   4.17808727226826e+02   5.19146086852762e+03   5.04675833148429e+03   5.11821666997981e+03   5.06686691790760e+03   6.48201464999009e+03
   5.45720545405289e+03   6.14239218649349e+01   1.20619967206914e+02   1.24708273325074e+02   8.46250086184918e+01   1.29456298667810e+03
   2.11810088856438e+03   4.84023728542258e+03   4.69674137721759e+03   4.59111615734213e+03   4.67365309877661e+03   5.04230759766918e+03
   4.65212867857998e+03   2.11815272740742e+03   2.23325343640750e+03   2.15184761072460e+03   1.88828654305144e+03   3.63984560097005e+03
   1.36678222715285e+02   5.56741330338486e+03   5.49216484674875e+03   5.52506652142029e+03   5.62497506396249e+03   6.56087323817481e+03
   4.79989607557796e+03   5.14475494066352e+02   3.04903330275756e+02   2.34642146845682e+02   3.52372684987365e+02   1.06823085564720e+03
   1.59700512055474e+03   2.81173230282057e+03   3.04617990796011e+03   2.84626132638353e+03   2.86246093974990e+03   4.09007597408706e+03
   3.36226565613643e+03   9.42027481734211e+02   9.43323523790739e+02   1.10505780313929e+03   1.07530592378145e+03   2.75493925788703e+03
   1.28975633555232e+01   5.29047588829161e+03   5.33016145584305e+03   5.28246624075367e+03   5.33759243891980e+03   6.27803335418764e+03
   5.54919318883942e+03   7.53947950609291e+02   7.95538792248006e+02   5.71516296439065e+02   6.05561820365233e+02   1.14398623848296e+03
   2.54934339045180e+03   3.89074433795657e+03   4.02478758468271e+03   3.92288835590540e+03   4.12306911186701e+03   5.75134160822489e+03
   3.97072151596388e+03   2.57847819019079e+03   2.63800839181646e+03   2.46766738075691e+03   2.48387513501342e+03   2.86737952585550e+03
   5.14423675413940e+02   5.59053864496864e+03   5.59450213158970e+03   5.60317133954054e+03   5.63281021071900e+03   6.40923219791322e+03
   5.39811021433979e+03   2.94688428731788e+00   2.76703830405127e+01   2.46915491555021e+01   5.54907860598581e+01   1.84822194015498e+03
   1.17005732247030e+03   3.56070563541594e+03   3.44906850025107e+03   3.39621366767180e+03   3.46930379139888e+03   4.74273714536519e+03
   3.13190559062727e+03   1.34045687461451e+03   1.36674440470289e+03   1.29630108033437e+03   1.38703854475004e+03   1.89454804155684e+03
   3.03555361371701e+02   4.89899650902183e+03   4.97542265004727e+03   5.03333007203826e+03   4.95845906699203e+03   6.60303878953241e+03
   5.59048543538994e+03   1.45868276066847e+02   1.76307388917044e+02   1.60670613505417e+02   1.41645253107030e+02   1.46245764733583e+03
   1.78456772014814e+03   4.44776517002501e+03   4.58706949587051e+03   4.42946290431639e+03   4.53909752199441e+03   5.30366426957031e+03
   4.44771332052717e+03   1.86671645444773e+03   1.81317490684884e+03   1.89963601426502e+03   2.13971554461274e+03   3.38181081327348e+03
   6.75751663226573e+01   5.37618411851550e+03   5.56870228587485e+03   5.50383765765257e+03   5.41928198091279e+03   6.08299706276823e+03
   4.97407484649336e+03   3.16954101782943e+02   3.31867286370105e+02   3.93067137456964e+02   4.70775251745586e+02   1.25703626510257e+03
   1.54454874709749e+03   3.16091319219490e+03   3.13325346838572e+03   3.19517501199240e+03   3.15349653789612e+03   4.61920673611360e+03
   3.58868676820657e+03   1.14646168088320e+03   1.21922919222508e+03   1.19928264908553e+03   1.21553412385015e+03   2.21503120190434e+03
   5.54669737622953e+01   5.14508104207141e+03   5.13040306416817e+03   5.16613542057064e+03   5.18216089488877e+03   6.74405749066832e+03
   5.47459549648535e+03   5.66163193950485e+02   4.66321219828104e+02   7.59299024281121e+02   8.15882159144682e+02   2.03862746221871e+03
   2.37552274944346e+03   4.25378387176828e+03   4.15419529566346e+03   4.13264613984880e+03   4.25029724685388e+03   5.42457331945187e+03
   4.15284742553801e+03   2.43336476974287e+03   2.37687062512659e+03   2.38092121623927e+03   2.39713091797685e+03   3.75377790183713e+03
   6.57090893384589e+02   5.52627376697350e+03   5.45855250813908e+03   5.54919991348662e+03   5.59403677663526e+03   6.24774340388055e+03
   5.16074721982514e+03   2.63688776365095e+01   5.69723892648160e+00   1.62448431637900e+01   9.69994623058154e+01   1.33201092158435e+03
   1.05364332236466e+03   3.67230789308368e+03   3.64583881294608e+03   3.70532266899019e+03   3.77654151643899e+03   4.36078663278754e+03
   2.87004152538369e+03   1.57076198190098e+03   1.49398593166485e+03   1.57610981277540e+03   1.61863657587611e+03   2.58854920945961e+03
   4.81205139505768e+02   4.71676875672254e+03   4.80124390919123e+03   4.78481636443797e+03   4.82140261328068e+03   6.69421668914474e+03
   5.43865571040924e+03   1.29488479976025e+01   6.27216629078453e+01   6.09533650671007e+01   2.74837271680396e+02   1.38803448687201e+03
   2.00547925268805e+03   4.65218053028261e+03   4.65347652692930e+03   4.67925739799489e+03   4.73823421943250e+03   5.52755309141515e+03
   4.71671690414606e+03   1.97758358071813e+03   2.00682712649731e+03   2.03891188109704e+03   2.02709702041368e+03   3.18078414521404e+03
   1.64958047434486e+02   5.57786510772328e+03   5.37747968723391e+03   5.59672865232645e+03   5.64294371751052e+03   6.52060269934533e+03
   4.87958442428512e+03   2.65201321519121e+02   2.54245219322464e+02   2.83091058268994e+02   4.39603753658153e+02   1.63270512116494e+03
   1.36539653407033e+03   2.89926354749716e+03   2.95886335270782e+03   2.99204049206438e+03   2.92080795526575e+03   4.99847143351003e+03
   3.24747818416420e+03   8.98757929777565e+02   9.00053973198821e+02   8.40760593392040e+02   9.41914039319669e+02   2.98076445932313e+03
   5.99719617723466e+00   5.22107915392877e+03   5.22237497955408e+03   5.21173629415064e+03   5.27095080881199e+03   6.85575948251110e+03
   5.58068928550214e+03   4.33325197900485e+02   5.49984520187240e+02   4.54402535619624e+02   5.53154925275962e+02   1.49957613817214e+03
   2.63666051507964e+03   4.04965167503324e+03   3.97206938933511e+03   4.05499604794660e+03   3.99228820966653e+03   5.87968663966876e+03
   4.56319298851820e+03   2.75336482623537e+03   2.72548266688229e+03   2.78789394175680e+03   2.80409479407932e+03   3.89508310388726e+03
   5.66111373140603e+02   5.43870760951502e+03   5.58879661710607e+03   5.40348484067971e+03   5.50369635204538e+03   6.92032297304114e+03
   5.35303009361610e+03   1.95868793316078e+02   2.03604889689550e+01   3.59938855320601e+01   6.39471787423971e+01   1.80284862302218e+03
   9.41975651896936e+02   3.47611980476902e+03   3.53388549793627e+03   3.59408379524866e+03   3.63821200210745e+03   4.49174599961479e+03
   3.78233289593101e+03   1.03097199411622e+03   1.07790424699060e+03   9.91454867478761e+02   1.03005594453543e+03   2.45247149084443e+03
   3.72976102328226e+02   5.04546240722123e+03   5.08096409958763e+03   5.06802710417575e+03   5.10106200099698e+03   6.30925935935851e+03
   5.55888001434742e+03   1.03082648165675e+02   1.47164777210438e+02   2.01237689264893e+02   1.87100096562264e+02   1.69414258597537e+03
   1.92190754270126e+03   4.60810727902767e+03   4.49581032047397e+03   4.56858760810812e+03   4.60725246184002e+03   5.66106842514894e+03
   4.07562348540276e+03   2.54939523099355e+03   2.46361689107287e+03   2.55474165694760e+03   2.60002979601863e+03   4.17237754690616e+03
   9.53500581909615e+01   5.49087010054082e+03   5.52107927009680e+03   5.47140723071401e+03   5.56384699359269e+03   6.79756593467633e+03
   5.51294784275465e+03   4.99116266934278e+01   9.66987232863031e+01   9.34150328437576e+01   1.17942938593578e+02   1.57435965287319e+03
   1.70346328211320e+03   3.27630834078713e+03   3.30633047702382e+03   3.33905072931963e+03   3.35523945110604e+03   4.86189616920350e+03
   3.50434132019665e+03   1.70351511891128e+03   1.67801065880263e+03   1.73578226077346e+03   1.75200935054829e+03   3.29560949193954e+03
   7.34081444457133e+02   5.32886577188873e+03   5.26481766243436e+03   5.32167326692964e+03   5.37428382499154e+03   6.99450062095416e+03
   5.11282736527048e+03   6.95180131062338e+02   7.15839338998225e+02   6.62494691348851e+02   7.75593533222765e+02   2.29297674470005e+03
   2.26051837876406e+03   4.30328493025669e+03   4.30458094810931e+03   4.23413788189462e+03   4.34928847971678e+03   6.16197267295188e+03
   3.04483203026319e+03   2.23195740072993e+03   2.14779673594177e+03   2.23730420212592e+03   2.28212935716936e+03   3.61126760444804e+03
   3.04253666672073e+01   5.53835740609048e+03   5.55053750570194e+03   5.57257337694299e+03   5.60785477995438e+03   7.08670662244677e+03
   5.20634939999056e+03   3.87710257611608e+02   3.74324034315465e+02   3.35930111261145e+02   2.99584530297461e+02   1.94176102572185e+03
   2.17807760043445e+02   4.97412670407341e+03   4.91942369768840e+03   4.94236799587949e+03   5.03169102831348e+03   6.64736919698902e+03
   4.32773881765951e+03   1.46694626243328e+03   1.31692007837675e+03   1.42124461002334e+03   1.46293390950578e+03   2.69914443559624e+03
   1.24205263829544e+03   3.83679107312114e+03   3.86512184214966e+03   3.86917055289327e+03   3.88534460431562e+03   5.16828132692158e+03
